epoch:	AUC:	TPR:	precision	accuracy	MCC
1	0.5080385056813772	0.07308584686774942	0.5369318181818182	0.47733768885259287	0.004994985837397795
2	0.6345830590322659	0.7807424593967517	0.5931257344300822	0.6014699877501021	0.19700567019114343
3	0.7090067090026949	0.7911832946635731	0.6298291519162691	0.6442425479787668	0.2863343017137285
4	0.740568559210227	0.7169373549883991	0.6610804064895703	0.6564924458962842	0.3086113515103518
5	0.768672501585594	0.7389791183294664	0.6902654867256637	0.6871171906900776	0.37067976910981587
6	0.7844252021130548	0.7099767981438515	0.7113521890740023	0.6947733768885259	0.38770135797402283
7	0.8021942245575725	0.6832946635730859	0.7479365079365079	0.7112086565945284	0.4253241883759324
8	0.8161207949980865	0.6577726218097448	0.7658712291760468	0.7131482237648019	0.43406651994612544
9	0.8176813631826416	0.6252900232018561	0.7868613138686131	0.7127398938342181	0.4409045306041428
10	0.8260311127658381	0.6183294663573086	0.7991004497751124	0.7164148632094732	0.45137472350647917
11	0.82919126177153	0.6125290023201856	0.816284462767328	0.7226418946508779	0.46781115877115675
12	0.8304044585965955	0.5661252900232019	0.8315819369497301	0.7103919967333605	0.45556960096915555
13	0.8319599045432284	0.5788863109048724	0.8381858902575587	0.7186606778276847	0.4707547799398421
14	0.8279945397361892	0.5846867749419954	0.8414023372287145	0.7225398121682319	0.4779436881271338
15	0.8328347409661284	0.5696055684454756	0.8588921282798834	0.7233564720293998	0.4865745274518964
16	0.8325011891954817	0.5626450116009281	0.8568904593639576	0.7194773376888526	0.47994840751456275
17	0.8331895761580188	0.5440835266821346	0.8682505399568035	0.7157002858309514	0.4792919340200625
18	0.8373838318253465	0.5464037122969838	0.8719531008947856	0.7181502654144549	0.4845070742199096
19	0.832912640796731	0.548723897911833	0.8636640292148509	0.7160065332788893	0.47774563873913584
20	0.8414314869526356	0.5568445475638051	0.8858812673023685	0.7281543487137607	0.5052879101018393
21	0.8390122853426889	0.5672853828306265	0.8685612788632326	0.7262147815434872	0.4949636775156448
22	0.8386055169303971	0.568445475638051	0.875	0.7292772560228665	0.5022714533407251
23	0.8293074843046266	0.574245939675174	0.8583815028901735	0.7251939567170274	0.4890974968447726
24	0.8324326975569811	0.5510440835266821	0.878003696857671	0.7225398121682319	0.4935979228589599
25	0.8368915534003967	0.568445475638051	0.8713692946058091	0.7278481012658228	0.4985935244499581
26	0.8349909731532847	0.574245939675174	0.8779190067986994	0.7330543078807676	0.5091374052711501
27	0.8358953722064778	0.5510440835266821	0.8864696734059098	0.7257043691302573	0.5019300371585409
28	0.8360795637007363	0.5545243619489559	0.8808353808353808	0.7251939567170274	0.4987377517540807
29	0.8347926066495932	0.5464037122969838	0.8795518207282913	0.7210085749285423	0.49201654873353623
30	0.8393499767178607	0.5545243619489559	0.8819188191881919	0.7256022866476113	0.4998088710312651
31	0.8367810803180287	0.5638051044083526	0.8738387773449205	0.726725193956717	0.4979854704177417
32	0.836248409388322	0.5556844547563805	0.880784554091327	0.7257043691302573	0.4994690323630217
33	0.8387727736788724	0.54292343387471	0.8939828080229226	0.7246835443037974	0.5036932313162145
34	0.8324293106078244	0.5533642691415314	0.8728270814272644	0.7216210698244181	0.48999973589456935
35	0.8375356591387749	0.5649651972157773	0.8809164908049443	0.7299918334013883	0.5058683182720377
36	0.8402247086052929	0.5440835266821346	0.889661713563073	0.7236627194773377	0.5003144442676825
37	0.8325282847887348	0.5510440835266821	0.8774630541871922	0.72233564720294	0.4930626251991153
38	0.8336660070060506	0.5475638051044084	0.8716528162511542	0.7185585953450387	0.4849772323852944
39	0.8389835589961384	0.5464037122969838	0.8875628140703518	0.7239689669252756	0.49985149134997475
40	0.8323093457049805	0.580046403712297	0.8655510675129833	0.7307064107799102	0.500380457437481
41	0.8335396027183904	0.548723897911833	0.8805460750853242	0.722437729685586	0.4945509514635646
42	0.8401495894181338	0.5545243619489559	0.8871017630683575	0.7275418538178848	0.504911598962109
43	0.8381607812362013	0.5452436194895591	0.8806995627732667	0.7209064924458963	0.4923658454069033
44	0.8351757082319757	0.5672853828306265	0.8813457494743167	0.7312168231931401	0.507869436268686
45	0.8298181400648152	0.5661252900232019	0.8784878487848785	0.7295835034708044	0.504220592565265
46	0.8346455879676834	0.5626450116009281	0.8728254349130175	0.7258064516129032	0.49618798692535737
47	0.841640683330791	0.5614849187935035	0.8789346246973365	0.7276439363005308	0.5015381467074604
48	0.8373353691824758	0.5545243619489559	0.8873762376237624	0.7276439363005308	0.5051808512336621
49	0.8363432439647077	0.5580046403712297	0.867708959711365	0.7217231523070641	0.48793747344961935
50	0.8379397096289042	0.5498839907192575	0.8912566593544343	0.7269293589220089	0.5058087397542514
51	0.8390003682993601	0.5556844547563805	0.8895078922934077	0.7289710085749286	0.5080597851543276
52	0.8386954174327026	0.5498839907192575	0.8940584721785602	0.7279501837484688	0.508525642723514
53	0.8350462933228431	0.5881670533642691	0.8525784753363229	0.7288689260922826	0.4921616596361411
54	0.834132360634987	0.5614849187935035	0.8576491435321913	0.7192731727235606	0.47997183149482436
55	0.8402613169261154	0.5672853828306265	0.8816105769230769	0.7313189056757861	0.5081344176046081
56	0.8393555798189345	0.5348027842227379	0.8865384615384615	0.7182523478971009	0.4910221679737405
57	0.8400039296973055	0.5580046403712297	0.888	0.7294814209881584	0.5081620776491721
58	0.8437724542184828	0.5580046403712297	0.8973880597014925	0.7329522253981217	0.517336470906481
59	0.8422062620257603	0.5545243619489559	0.889026658400496	0.7282564311964067	0.5067978208320599
60	0.838837418412158	0.5626450116009281	0.8842297174111212	0.7301959983666803	0.5075944719660392
61	0.8356231200341472	0.5464037122969838	0.8839537065999374	0.7226418946508779	0.4963319676439084
62	0.8445064186449796	0.5324825986078886	0.8947368421052632	0.7200898325847285	0.49729520172599967
63	0.8416599178568658	0.5603248259860789	0.8784480145498635	0.7269293589220089	0.5002710437370602
64	0.8346428073242399	0.5603248259860789	0.8763229513153916	0.7261126990608412	0.4981470490948368
65	0.8393508966299772	0.5498839907192575	0.8769657724329325	0.7216210698244181	0.4917942143199396
66	0.8412745164941914	0.5440835266821346	0.8885380486264604	0.7232543895467538	0.49922594111609336
67	0.84093159834563	0.5394431554524362	0.883470550981634	0.7192731727235606	0.49117651042149374
68	0.8383459762709504	0.5556844547563805	0.8799755052051439	0.7253981216823193	0.4986672195689322
69	0.8435851684743776	0.5522041763341067	0.8925	0.7284605961616987	0.508601728468003
70	0.8313653904307731	0.5580046403712297	0.8756067961165048	0.7247856267864434	0.49587534734767275
71	0.8349016580495988	0.5580046403712297	0.8748105486511064	0.7244793793385055	0.4950789292456359
72	0.8390605807288113	0.5533642691415314	0.8874418604651163	0.7271335238873009	0.5044567129990352
73	0.8352104140072844	0.5464037122969838	0.8820224719101124	0.721927317272356	0.494441772450256
74	0.83948031153911	0.5661252900232019	0.8787515006002401	0.7296855859534503	0.5044851264238444
75	0.8420427685541257	0.5580046403712297	0.88909426987061	0.7298897509187423	0.5092372548406435
76	0.8443350641061667	0.5568445475638051	0.8737864077669902	0.7235606369946918	0.4932787083444752
77	0.8358884310514161	0.5452436194895591	0.8776844070961718	0.7197835851367905	0.48940321685798727
78	0.845245902544176	0.537122969837587	0.9001944264419961	0.7241731318905675	0.505651704417635
79	0.8420009543670068	0.5614849187935035	0.8954671600370028	0.7338709677419355	0.5178658511380921
80	0.8478946222272176	0.5464037122969838	0.8957210776545167	0.7269293589220089	0.5077463294265645
81	0.8400797597256453	0.574245939675174	0.8815672306322351	0.7344834626378114	0.5128201470931835
82	0.8385034066854529	0.5394431554524362	0.8965295629820051	0.7239689669252756	0.5037547522677721
83	0.8351120252249937	0.5464037122969838	0.8722222222222222	0.7182523478971009	0.48477435082190085
84	0.8473165829044871	0.5556844547563805	0.892269481527476	0.7299918334013883	0.510758881271935
85	0.8409577740267664	0.5440835266821346	0.8910702976567447	0.7241731318905675	0.5016767004896878
86	0.8350923725570479	0.5730858468677494	0.873305833824396	0.7307064107799102	0.5036740548847228
87	0.84251480891251	0.5614849187935035	0.8880733944954129	0.7311147407104941	0.5106077927282566
88	0.8350675767440864	0.5545243619489559	0.8824615384615384	0.7258064516129032	0.5003448379340826
89	0.8364305519874116	0.54292343387471	0.8849669082886857	0.7214169048591261	0.49497354644284264
90	0.8373371253783348	0.5498839907192575	0.89490245437382	0.7282564311964067	0.509342113521028
91	0.8366308837578978	0.5568445475638051	0.8756460930373974	0.7242752143732135	0.49513795418055256
92	0.8338701020533776	0.5475638051044084	0.8939393939393939	0.726827276439363	0.5068226282804288
93	0.8372506954535602	0.5324825986078886	0.896484375	0.7207023274806044	0.49895466222586327
94	0.8401060190351559	0.5498839907192575	0.8876404494382022	0.7256022866476113	0.5022874103041405
95	0.8369549018938816	0.5545243619489559	0.8805649370586429	0.7250918742343814	0.49847014125269895
96	0.840469175250283	0.5440835266821346	0.894184938036225	0.7252960391996733	0.5046800694406482
97	0.8429081967849239	0.5510440835266821	0.8911819887429644	0.7274397713352388	0.506527626426412
98	0.8340822672388185	0.5603248259860789	0.8827292110874201	0.7285626786443447	0.5045316943753735
99	0.841883163801893	0.5498839907192575	0.89490245437382	0.7282564311964067	0.509342113521028
100	0.8417758267835591	0.5440835266821346	0.8910702976567447	0.7241731318905675	0.5016767004896878
101	0.8411243617482478	0.5464037122969838	0.8934555801454316	0.7261126990608412	0.5055623648852653
102	0.8447767055505155	0.5510440835266821	0.8984867591424969	0.7300939158840343	0.513599019776162
103	0.8401154272272577	0.5348027842227379	0.8916827852998066	0.7200898325847285	0.4959598264588967
104	0.8339400153742403	0.5823665893271461	0.8700173310225303	0.7335647202939976	0.50654793793935
105	0.8320497214171597	0.5580046403712297	0.8817598533455545	0.7271335238873009	0.5020009689818404
106	0.8349333113892479	0.5510440835266821	0.8934169278996865	0.7282564311964067	0.5086982745333674
107	0.8389064536350914	0.5278422273781903	0.900990099009901	0.7200898325847285	0.5000316074469329
108	0.8342857350733388	0.5452436194895591	0.8845671267252195	0.72233564720294	0.49614869496095054
109	0.8331920013808718	0.5301624129930395	0.8952007835455436	0.7191710902409146	0.49615590701482404
110	0.8352602983325171	0.5417633410672854	0.8883956880152187	0.722131482237648	0.4975159716785656
111	0.8351181719105003	0.5452436194895591	0.8893093661305582	0.7240710494079216	0.5007608204246613
112	0.835316872927689	0.5498839907192575	0.8851540616246498	0.7246835443037974	0.4998565443601832
113	0.8438479706404194	0.568445475638051	0.8760429082240763	0.7296855859534503	0.5033245581925656
114	0.837652153464088	0.5417633410672854	0.8943504628151931	0.7242752143732135	0.5032542971092705
115	0.8446673196370127	0.5719257540603249	0.8882882882882883	0.736014699877501	0.5179650476412255
116	0.8450759905948185	0.5498839907192575	0.8943396226415095	0.7280522662311147	0.5087977276148457
117	0.8363987522981077	0.5452436194895591	0.8881889763779528	0.7236627194773377	0.49967375680129444
118	0.8367291052834399	0.5556844547563805	0.8810545677498467	0.7258064516129032	0.4997364379746968
119	0.8426571444054625	0.5510440835266821	0.9033280507131537	0.731829318089016	0.5182491374059778
120	0.8347095636739751	0.5556844547563805	0.8805147058823529	0.7256022866476113	0.4992016941340846
121	0.8434331320900137	0.5382830626450116	0.9036027263875365	0.7259085340955492	0.5096783366613971
122	0.8388793580418382	0.5626450116009281	0.8853057499239428	0.7306043282972642	0.5086617254142445
123	0.8389935525868597	0.5440835266821346	0.8950381679389313	0.7256022866476113	0.5055007078896996
124	0.8436893276144906	0.5475638051044084	0.8953525134366108	0.7273376888525929	0.5081863251940568
125	0.8428692677767161	0.5452436194895591	0.8998085513720485	0.7278481012658228	0.5108712947710146
126	0.8412303607125942	0.5290023201856149	0.8991127177127834	0.7199877501020825	0.49906078817320615
127	0.83718161841644	0.5591647331786543	0.8898461538461538	0.7307064107799102	0.5107678242208686
128	0.8399742207173575	0.5545243619489559	0.893179694799128	0.7297876684360963	0.5108512409688825
129	0.8429771901936698	0.5603248259860789	0.89086996618506	0.731625153123724	0.5125666984011714
130	0.8437201864845841	0.5626450116009281	0.8926380368098159	0.7333605553287056	0.515893870710845
131	0.8382755611798426	0.5522041763341067	0.8958594730238394	0.7296855859534503	0.5118602413812382
132	0.8411311356465612	0.5348027842227379	0.9065880039331367	0.7252960391996733	0.5100835354182889
133	0.843706764130519	0.5545243619489559	0.8912367930391547	0.7290730910575746	0.5089576813643677
134	0.8410164811454812	0.537122969837587	0.9031209362808843	0.7251939567170274	0.5084221636308481
135	0.833200008797705	0.5545243619489559	0.8879256965944272	0.7278481012658228	0.5057195635090558
136	0.8252201684208553	0.5649651972157773	0.8876063183475091	0.7325438954675377	0.5125226592544848
137	0.8354918653007812	0.5614849187935035	0.8861763808361306	0.7304001633319722	0.5087341900578856
138	0.8358178068893724	0.5440835266821346	0.8939008894536213	0.7251939567170274	0.5044066702183564
139	0.8352078633418701	0.5301624129930395	0.8999015425008204	0.7208044099632503	0.5005983675542617
140	0.826823993381985	0.5626450116009281	0.8828883495145631	0.7296855859534503	0.5062619033604631
141	0.8312335502987875	0.5545243619489559	0.8956901936289818	0.7307064107799102	0.5132909052079269
142	0.8350445371269839	0.537122969837587	0.8972868217054264	0.7231523070641078	0.5028889163154538
143	0.830642506763863	0.5406032482598608	0.8912974179152056	0.7226418946508779	0.49952912233728813
144	0.8377456918006727	0.5336426914153132	0.9064039408866995	0.7246835443037974	0.5091076133457323
145	0.8349584835298933	0.5510440835266821	0.8939774153074027	0.7284605961616987	0.5092416503111903
146	0.8361557491496667	0.548723897911833	0.9026717557251909	0.7305022458146182	0.5160131703606687
147	0.8337651066295222	0.5580046403712297	0.9041353383458647	0.7354022049816251	0.5238616382954421
148	0.8347749192484418	0.537122969837587	0.9016553067185978	0.7246835443037974	0.5070359705042763
149	0.8344879902964324	0.5626450116009281	0.8899082568807339	0.7323397305022458	0.5132095360290247
150	0.8379338556427076	0.5522041763341067	0.8883359253499222	0.7269293589220089	0.5045429530005434
151	0.8368877483093689	0.568445475638051	0.8768267223382046	0.7299918334013883	0.5041150527079985
152	0.8367144285037612	0.5510440835266821	0.8914607444479199	0.7275418538178848	0.5067987083396069
153	0.8351109798703158	0.5440835266821346	0.9019230769230769	0.7280522662311147	0.5120898319086669
154	0.8320723847065781	0.5452436194895591	0.8818011257035647	0.7213148223764801	0.4934452550040056
155	0.8375178881092494	0.54292343387471	0.899711630887536	0.726725193956717	0.5091811922441576
156	0.8348619972931167	0.5290023201856149	0.8997040447221308	0.7201919150673745	0.4996176530115424
157	0.8392757565357248	0.5243619489559165	0.9076305220883534	0.7207023274806044	0.5038321568341089
158	0.8370370667715701	0.5394431554524362	0.8893847625119541	0.7214169048591261	0.4968994593769637
159	0.8383643745132828	0.5510440835266821	0.890625	0.7272356063699469	0.5059856754376618
160	0.8397209521859789	0.5382830626450116	0.8986442866365397	0.7241731318905675	0.5049757209693435
161	0.8385082571311586	0.5672853828306265	0.8869407496977025	0.7333605553287056	0.5134477692465239
162	0.8359069129221225	0.5464037122969838	0.8870056497175142	0.7237648019599837	0.49930924653294584
163	0.8394717814449377	0.5661252900232019	0.8870039382005452	0.7328501429154757	0.5127180028010697
164	0.8400979907112293	0.5417633410672854	0.9015444015444015	0.726827276439363	0.51012826811599
165	0.832862338329627	0.5568445475638051	0.8872458410351202	0.7286647611269906	0.506630699510363
166	0.8387807183744251	0.5545243619489559	0.8968105065666041	0.7311147407104941	0.5143770492798558
167	0.840489622387784	0.5545243619489559	0.8923459863098943	0.7294814209881584	0.5100392930658317
168	0.845568289926862	0.5649651972157773	0.8960441582336707	0.7357084524295631	0.5208322025566088
169	0.837356652603719	0.5556844547563805	0.8864898210980876	0.7278481012658228	0.5050987995049673
170	0.8419526171666974	0.5498839907192575	0.8960302457466919	0.7286647611269906	0.5104317517527983
171	0.8426767134450341	0.5510440835266821	0.9013282732447818	0.7311147407104941	0.5163318149869494
172	0.840030335356471	0.5394431554524362	0.8976833976833977	0.7243772968558595	0.5048559304789497
173	0.8368244416300709	0.5336426914153132	0.8963949334199416	0.7212127398938342	0.4996617239923258
174	0.8324559462450192	0.580046403712297	0.8880994671403197	0.7396896692527563	0.5233575653368081
175	0.8404190818541146	0.5626450116009281	0.8981481481481481	0.7354022049816251	0.5212831807237363
176	0.8366411700479292	0.5382830626450116	0.8940269749518305	0.7225398121682319	0.5005698044607773
177	0.8343612514952753	0.5661252900232019	0.8856624319419237	0.7323397305022458	0.5113858471055235
178	0.8341710805722589	0.5510440835266821	0.8897908211052139	0.7269293589220089	0.5051732800366318
179	0.8373971705510375	0.5533642691415314	0.8904791537025514	0.7282564311964067	0.5074261692936572
180	0.8385318403326938	0.5603248259860789	0.8875957120980091	0.7304001633319722	0.5093453744692004
181	0.835882117109161	0.5278422273781903	0.9024793388429752	0.7206002449979584	0.5014283030440949
182	0.8356566131980293	0.5661252900232019	0.8945921173235564	0.7357084524295631	0.520209009205597
183	0.8327286583734081	0.5556844547563805	0.8928238583410997	0.7301959983666803	0.5112995398277254
184	0.8404493553255887	0.5452436194895591	0.9038461538461539	0.7292772560228665	0.5147232899005327
185	0.835197284352529	0.5336426914153132	0.9037328094302554	0.7237648019599837	0.5065984403439545
186	0.8385832299686627	0.5545243619489559	0.9001883239171374	0.7323397305022458	0.5176423622874485
187	0.8364946113220777	0.5452436194895591	0.9012464046021093	0.7283585136790527	0.5122453204288914
188	0.8313545187421222	0.5197215777262181	0.9068825910931174	0.7182523478971009	0.4999356711371413
189	0.8363249293507495	0.54292343387471	0.892845786963434	0.7242752143732135	0.5025991929116981
190	0.8305805381385527	0.5394431554524362	0.8792940434919635	0.717741935483871	0.48710814855592444
191	0.8264119145679291	0.5522041763341067	0.8739290085679314	0.7215189873417721	0.4903265919621357
192	0.8348011785579524	0.5440835266821346	0.890506329113924	0.7239689669252756	0.5011315805448612
193	0.8322983067595812	0.5464037122969838	0.9008606949314631	0.7287668436096366	0.5126774371389105
194	0.8308837328093513	0.5533642691415314	0.89549436795995	0.7300939158840343	0.5123036537656518
195	0.8390602880295014	0.5719257540603249	0.889624060150376	0.7365251122907309	0.519294059950921
196	0.8315678965389895	0.5417633410672854	0.8986529826812059	0.7258064516129032	0.507373054855092
197	0.8319935649638591	0.5522041763341067	0.8975487115021998	0.7302980808493262	0.5134933689525014
198	0.8300382081316217	0.5498839907192575	0.8857053877296792	0.7248877092690894	0.5003962465595236
199	0.8387169517390689	0.5614849187935035	0.8891610532761788	0.731523070641078	0.5116799124384204
200	0.8362264151258976	0.548723897911833	0.9032463399108848	0.7307064107799102	0.5165623954449562
201	0.8369044321700292	0.537122969837587	0.9090314136125655	0.7272356063699469	0.5139863936813043
202	0.8379050874819698	0.5452436194895591	0.8989480395282117	0.7275418538178848	0.5100477741785859
203	0.8343306435103044	0.5580046403712297	0.891290920321186	0.7307064107799102	0.5113909166547641
204	0.8380460431067471	0.5556844547563805	0.8944911297852475	0.7308084932625561	0.512923203737928
205	0.8348315356578008	0.5498839907192575	0.8940584721785602	0.7279501837484688	0.508525642723514
206	0.8371346610843056	0.5348027842227379	0.907182682846835	0.7255002041649653	0.5106415260281664
207	0.8286864809046315	0.5440835266821346	0.8916349809885932	0.7243772968558595	0.5022221110243261
208	0.8358759704236546	0.5475638051044084	0.9024856596558317	0.7298897509187423	0.5150322987532121
209	0.8347427641385474	0.5672853828306265	0.886672710788758	0.7332584728460596	0.5131814768691952
210	0.8289881702646937	0.548723897911833	0.8983855650522318	0.7289710085749286	0.5119034230959119
211	0.8308063347489943	0.5614849187935035	0.8916180534233957	0.7324418129848917	0.5140961678230941
212	0.8363323722760567	0.5545243619489559	0.9073078139829168	0.7348917925683952	0.5244786812610435
213	0.8392468629324256	0.54292343387471	0.9096209912536443	0.7301959983666803	0.5185799674293434
214	0.8369133804060727	0.5533642691415314	0.8940955951265229	0.7295835034708044	0.510946491557955
215	0.8359089618172915	0.5672853828306265	0.8934226552984166	0.735810534912209	0.5198587908584849
216	0.8308781715224647	0.5522041763341067	0.8941765810895429	0.7290730910575746	0.5102296994589133
217	0.8388599353519215	0.5672853828306265	0.8872089507106139	0.7334626378113516	0.5137141278256542
218	0.8381859533768469	0.5522041763341067	0.894456623864704	0.7291751735402205	0.5105012775126608
219	0.8326282206959486	0.5603248259860789	0.8969359331476323	0.7338709677419355	0.518498234862054
220	0.8257799767580023	0.5661252900232019	0.8918671946390496	0.7346876276031034	0.5175275799820117
221	0.8296957081249315	0.5568445475638051	0.8952440161641281	0.731625153123724	0.5144529799022123
222	0.84123985253307	0.5452436194895591	0.8949539828625833	0.7261126990608412	0.506213489499743
223	0.8361026451320258	0.5336426914153132	0.9064039408866995	0.7246835443037974	0.5091076133457323
224	0.8372504027542503	0.5522041763341067	0.9072426937738246	0.7337688852592895	0.5227973180830428
225	0.8350038937371045	0.5591647331786543	0.8956333230102199	0.7328501429154757	0.5164291154265583
226	0.8344131847156769	0.5452436194895591	0.897803247373448	0.7271335238873009	0.5089507866671585
227	0.8332476351568333	0.5475638051044084	0.8942216608778023	0.7269293589220089	0.507095222405494
228	0.8353863681066804	0.54292343387471	0.8939828080229226	0.7246835443037974	0.5036932313162145
229	0.8320271835703027	0.5603248259860789	0.8840756558877364	0.7290730910575746	0.5058666415701784
230	0.8368042035635054	0.548723897911833	0.9026717557251909	0.7305022458146182	0.5160131703606687
231	0.8344727699323212	0.5556844547563805	0.886763344646714	0.7279501837484688	0.5053676350192979
232	0.8382182757434897	0.5510440835266821	0.9001895135818067	0.7307064107799102	0.5152378194848176
233	0.8386066459134494	0.5533642691415314	0.9048371798925071	0.7334626378113516	0.521306126738014
234	0.8398903414579971	0.5278422273781903	0.9118236472945892	0.7237648019599837	0.5101327224829915
235	0.8369779833251713	0.5603248259860789	0.8933415536374846	0.7325438954675377	0.5149891775382412
236	0.8321918478391767	0.5649651972157773	0.8777410633823971	0.7287668436096366	0.5026887949660326
237	0.8308906739644131	0.5661252900232019	0.891324200913242	0.7344834626378114	0.5169921075059992
238	0.8339402871664566	0.5394431554524362	0.8896683673469388	0.7215189873417721	0.4971727829617773
239	0.8270689827043141	0.5533642691415314	0.8904791537025514	0.7282564311964067	0.5074261692936572
240	0.8332405476521166	0.5382830626450116	0.9000969932104753	0.7246835443037974	0.5063565466097255
241	0.8277362116881691	0.5510440835266821	0.8914607444479199	0.7275418538178848	0.5067987083396069
242	0.8317501227664534	0.5580046403712297	0.8985056039850561	0.7333605553287056	0.5184211415977823
243	0.8261358782116641	0.5406032482598608	0.8930054295752156	0.7232543895467538	0.5011715006424146
244	0.8353999995316811	0.5348027842227379	0.9059941041598428	0.7250918742343814	0.5095258606563187
245	0.8348370551305003	0.5522041763341067	0.8883359253499222	0.7269293589220089	0.5045429530005434
246	0.8302627921306369	0.5417633410672854	0.9018345671065336	0.7269293589220089	0.5104042053755534
247	0.8372156133505673	0.5533642691415314	0.8877171215880894	0.7272356063699469	0.5047263146883468
248	0.8331030626048702	0.5417633410672854	0.904162633107454	0.7277460187831768	0.512614442539755
249	0.8286600125241852	0.5545243619489559	0.89625	0.7309105757452021	0.5138338345286853
250	0.8286586326560105	0.5290023201856149	0.9144385026737968	0.7251939567170274	0.5133607701021864
251	0.8329573401627609	0.54292343387471	0.9020237712817218	0.7275418538178848	0.5113847540713907
252	0.8361778270404655	0.5406032482598608	0.9057337220602527	0.7277460187831768	0.5132980131088709
253	0.8282103845700967	0.5475638051044084	0.9013367281985997	0.7294814209881584	0.5139338386367116
254	0.8282642412431057	0.5568445475638051	0.8877928483353884	0.7288689260922826	0.5071682953542681
255	0.8308948762902185	0.5614849187935035	0.8848263254113345	0.7298897509187423	0.5073979235213595
256	0.8275009232572516	0.5777262180974478	0.8892857142857142	0.7390771743568804	0.5229478181713756
257	0.8358214656307453	0.5580046403712297	0.8946063236205828	0.731931400571662	0.5146297408639752
258	0.8320581260687706	0.548723897911833	0.8986700443318556	0.7290730910575746	0.5121768905578817
259	0.8297507774093669	0.5603248259860789	0.8800485879137565	0.7275418538178848	0.5018668006530657
260	0.8308856144477716	0.5533642691415314	0.8983050847457628	0.7311147407104941	0.515023345751091
261	0.8330104859945889	0.5464037122969838	0.9	0.7284605961616987	0.5118539210597085
262	0.8377655326324607	0.5556844547563805	0.8992490613266583	0.7325438954675377	0.5175374462425134
263	0.8272985425915965	0.5626450116009281	0.8880073237717424	0.731625153123724	0.5113345480695669
264	0.8278069612927742	0.5614849187935035	0.8946395563770795	0.7335647202939976	0.5170569208314854
265	0.8352549879307531	0.568445475638051	0.8977099236641222	0.7379542670477746	0.5248736853596184
266	0.8356977165439672	0.5336426914153132	0.9084924292297564	0.7253981216823193	0.5110636262990451
267	0.8304464400404626	0.5406032482598608	0.8993245416532647	0.7255002041649653	0.5072164647995993
268	0.8262905697969103	0.548723897911833	0.8961161982949163	0.7281543487137607	0.5097183161686275
269	0.8259666352893007	0.5382830626450116	0.8925937800577108	0.722029399755002	0.4991968992298578
270	0.8252903744410279	0.54292343387471	0.9017341040462428	0.7274397713352388	0.5111090447808884
271	0.8262466230862482	0.5614849187935035	0.8929889298892989	0.7329522253981217	0.5154409302862359
272	0.8260921196648443	0.5672853828306265	0.8931506849315068	0.7357084524295631	0.5195908923266042
273	0.8303059443717434	0.5591647331786543	0.900093370681606	0.7344834626378114	0.5207631993645749
274	0.8296211534292987	0.5533642691415314	0.8868918500154943	0.7269293589220089	0.5039177180894897
275	0.829474511075073	0.5498839907192575	0.9028571428571428	0.7311147407104941	0.5169940736898224
276	0.8260810389052577	0.54292343387471	0.9011553273427471	0.7272356063699469	0.5105578529008579
277	0.830037246405318	0.5406032482598608	0.9048543689320389	0.7274397713352388	0.5124665283919205
278	0.8285679794983368	0.5510440835266821	0.8895131086142322	0.726827276439363	0.504902622922102
279	0.8273945479652214	0.5464037122969838	0.9025870328968381	0.7293793385055125	0.5143264823850304
280	0.8290886079421532	0.5336426914153132	0.9067017082785808	0.7247856267864434	0.5093868054668471
281	0.8281894774765373	0.568445475638051	0.8805031446540881	0.731420988158432	0.5078116236209814
282	0.8263606503745213	0.5510440835266821	0.8777332922697875	0.722437729685586	0.49333024016185856
283	0.8217774809528015	0.548723897911833	0.8854914196567862	0.7242752143732135	0.4994020304700043
284	0.8226031438916497	0.5464037122969838	0.8951536268609439	0.726725193956717	0.507199900391852
285	0.8287798519844679	0.5417633410672854	0.9003856041131105	0.7264189465087791	0.5090252767730206
286	0.8303106275607008	0.568445475638051	0.8876811594202898	0.7341772151898734	0.5149765496933477
287	0.8325683009658075	0.5545243619489559	0.9058749210360075	0.7343813801551654	0.523107749879608
288	0.8317541787426038	0.5765661252900232	0.8963029756537421	0.7412209064924459	0.5291250522121289
289	0.8287575650227337	0.5510440835266821	0.9013282732447818	0.7311147407104941	0.5163318149869494
290	0.8334844079913937	0.5440835266821346	0.9051141846252815	0.7291751735402205	0.5151242904970508
291	0.8291819790219894	0.5464037122969838	0.8994271164863145	0.7282564311964067	0.5113052818284671
292	0.8314884077692767	0.5580046403712297	0.9024390243902439	0.7347897100857493	0.5222264721332998
293	0.8313093176058467	0.5417633410672854	0.9103313840155945	0.7298897509187423	0.5184397073538579
294	0.8297887446912707	0.5336426914153132	0.9031413612565445	0.7235606369946918	0.5060417122476218
295	0.8317671411406107	0.5382830626450116	0.9139855548260013	0.7294814209881584	0.5194309206298403
296	0.8290072793482073	0.5626450116009281	0.8929119361767414	0.7334626378113516	0.5161626803308986
297	0.8244248207676683	0.5522041763341067	0.8855813953488372	0.7259085340955492	0.5018458669563423
298	0.836861781699168	0.5556844547563805	0.904911838790932	0.7345855451204574	0.5229925603658289
299	0.8308455146423248	0.574245939675174	0.8943089430894309	0.7393834218048183	0.5255421259860393
300	0.8288343776844708	0.574245939675174	0.8847184986595175	0.7357084524295631	0.5159866758186258
301	0.8364291303050496	0.5417633410672854	0.9000963700610344	0.7263168640261332	0.5087497179974915
302	0.8281894774765373	0.5614849187935035	0.9055191768007483	0.7375459371171907	0.527622331947222
303	0.8313460304621372	0.5498839907192575	0.8802228412256268	0.7228460596161699	0.49501172301966934
304	0.8331896597863931	0.5394431554524362	0.8991298743151789	0.7248877092690894	0.5062341018964718
305	0.8367177736387308	0.5672853828306265	0.886672710788758	0.7332584728460596	0.5131814768691952
306	0.8303424481570982	0.5522041763341067	0.8809376927822332	0.7241731318905675	0.4972766990876936
307	0.8337131734091208	0.5498839907192575	0.8898623279098874	0.7264189465087791	0.5044529650503593
308	0.831733815233477	0.5417633410672854	0.9024154589371981	0.7271335238873009	0.5109563077133431
309	0.8331612679533393	0.548723897911833	0.904397705544933	0.7311147407104941	0.5176617401196946
310	0.8358494602290215	0.5382830626450116	0.9000969932104753	0.7246835443037974	0.5063565466097255
311	0.8368025309960206	0.5707656612529002	0.8923821039903265	0.7370355247039608	0.5212307317783315
312	0.8317367004123883	0.5464037122969838	0.9075144508670521	0.7311147407104941	0.5190134750209717
313	0.827965980646387	0.5417633410672854	0.9038709677419355	0.7276439363005308	0.5123378959108383
314	0.8317811907074827	0.54292343387471	0.9017341040462428	0.7274397713352388	0.5111090447808884
315	0.8274523769860067	0.5533642691415314	0.9056962025316456	0.7337688852592895	0.5221284773137622
316	0.8266949548005365	0.5533642691415314	0.9031240138845061	0.7328501429154757	0.5196634144526727
317	0.8290752692164625	0.5788863109048724	0.8873740367516301	0.7388730093915884	0.5218314136016657
318	0.8187077760338474	0.5696055684454756	0.8718555785735425	0.7285626786443447	0.49986403106421595
319	0.8265793803873399	0.5556844547563805	0.8815950920245399	0.7260106165781952	0.5002714516021138
320	0.8186568881681238	0.5591647331786543	0.8798296318831762	0.7269293589220089	0.5008665458644825
321	0.8281296413747703	0.5533642691415314	0.891588785046729	0.7286647611269906	0.5085080741868345
322	0.8298766381125947	0.5591647331786543	0.906298965841429	0.7367292772560229	0.5267523732805024
323	0.8257013242720317	0.5510440835266821	0.8909034073147859	0.7273376888525929	0.5062566154816077
324	0.8373336757078975	0.5638051044083526	0.9027863777089783	0.7376480195998366	0.5265981043129412
325	0.8370606081589179	0.5556844547563805	0.898125	0.7321355655369539	0.5164498875590263
326	0.8322232084795158	0.5452436194895591	0.9021113243761996	0.7286647611269906	0.5130706337733395
327	0.8338425465040664	0.5545243619489559	0.9078822412155746	0.7350959575336872	0.5250275716804013
328	0.8308974060485392	0.580046403712297	0.8815750808110491	0.7371376071866068	0.5167815347124328
329	0.8283049264471722	0.5719257540603249	0.8866906474820144	0.7354022049816251	0.5163723934230702
330	0.8269110923337535	0.5510440835266821	0.8967904342353682	0.7294814209881584	0.5119628389831146
331	0.8255601177621315	0.5719257540603249	0.8969072164948454	0.7392813393221723	0.5264993484180864
332	0.8260459986164521	0.5730858468677494	0.8790035587188612	0.7329522253981217	0.5094475954632892
333	0.8211822978133522	0.5580046403712297	0.8726942848503175	0.7236627194773377	0.492958022851231
334	0.8244833606296348	0.5591647331786543	0.8975791433891993	0.7335647202939976	0.5183230527234569
335	0.8225648002820618	0.5614849187935035	0.8842874543239951	0.7296855859534503	0.506863886418509
336	0.8176548529880083	0.537122969837587	0.9007782101167315	0.7243772968558595	0.5062051802020888
337	0.8176523023225941	0.5510440835266821	0.8889582033686837	0.7266231114740711	0.5043615203184247
338	0.8169696439036923	0.5440835266821346	0.90048	0.7275418538178848	0.5107135519974552
339	0.8197346488411115	0.5394431554524362	0.8973946606625924	0.7242752143732135	0.5045805229004489
340	0.8236815317774442	0.548723897911833	0.8902132998745295	0.7260106165781952	0.5040044681710943
341	0.8309796127404149	0.5359628770301624	0.9011703511053316	0.7239689669252756	0.5057786347837732
342	0.8315084367649066	0.5336426914153132	0.8943616331821128	0.7204981625153124	0.4977280798514452
343	0.8281201077401071	0.5417633410672854	0.8972142170989433	0.7252960391996733	0.5059982696486945
344	0.817812408845072	0.548723897911833	0.8910518053375196	0.7263168640261332	0.5048187924358879
345	0.8279571578529052	0.5510440835266821	0.8976377952755905	0.7297876684360963	0.5127806029500181
346	0.8233844001637779	0.5580046403712297	0.8979464841319228	0.7331563903634136	0.5178786643823549
347	0.8177901636975249	0.5719257540603249	0.8793103448275862	0.7325438954675377	0.5089707944794047
348	0.8240306384256992	0.5464037122969838	0.8934555801454316	0.7261126990608412	0.5055623648852653
349	0.8220603121144733	0.5765661252900232	0.8801652892561983	0.7349938750510412	0.5129840448047017
350	0.8157806574929685	0.5672853828306265	0.8758208955223881	0.7290730910575746	0.5023197280437821
351	0.8124399966414845	0.5591647331786543	0.8912172573189522	0.7312168231931401	0.5121129789641896
352	0.823380260559253	0.5649651972157773	0.8892270237370663	0.7331563903634136	0.5141258836059414
353	0.8254542860545337	0.5626450116009281	0.8940092165898618	0.7338709677419355	0.5172386059561801
354	0.8240145817778456	0.5649651972157773	0.8854545454545455	0.73172723560637	0.5103887694590195
355	0.8211005928917221	0.5394431554524362	0.9017453135100194	0.7258064516129032	0.5087195942328421
356	0.8170591680783136	0.5440835266821346	0.8964638419878942	0.7261126990608412	0.506869912141769
357	0.8233882888831798	0.5440835266821346	0.8967495219885278	0.7262147815434872	0.5071439746537646
358	0.8174007899870744	0.5522041763341067	0.896421845574388	0.7298897509187423	0.5124043292147334
359	0.825075554054705	0.5522041763341067	0.9032258064516129	0.7323397305022458	0.5189559923791245
360	0.8237281545960817	0.5649651972157773	0.8865291262135923	0.7321355655369539	0.5114551813668583
361	0.8216209286362286	0.5406032482598608	0.8970163618864293	0.7246835443037974	0.5050141037537527
362	0.825938912483241	0.568445475638051	0.8882175226586103	0.7343813801551654	0.5155091874103146
363	0.8260377612215897	0.5707656612529002	0.8961748633879781	0.7384646794610045	0.5249739251377831
364	0.8104408603553337	0.5719257540603249	0.8793103448275862	0.7325438954675377	0.5089707944794047
365	0.8201337652571606	0.5893271461716937	0.8664013644115975	0.7351980400163332	0.5074785637743725
366	0.8238231146150284	0.5568445475638051	0.8815426997245179	0.7265210289914251	0.5010024226093645
367	0.8236331527629477	0.5626450116009281	0.8831562974203339	0.7297876684360963	0.5065282842427088
368	0.8188845664169857	0.5591647331786543	0.8838630806845966	0.7284605961616987	0.5048694464331693
369	0.8192415341324192	0.5545243619489559	0.8882006813254878	0.7279501837484688	0.50598902364445
370	0.8223262085303619	0.548723897911833	0.8918918918918919	0.7266231114740711	0.5056337601965268
371	0.8124743679032962	0.5510440835266821	0.884269314303444	0.7248877092690894	0.49977346870950035
372	0.8126139436598988	0.5556844547563805	0.8786303882604708	0.7248877092690894	0.4973322078891265
373	0.8122479440800477	0.5359628770301624	0.9038148027388327	0.7248877092690894	0.5082765635448877
374	0.8271095424658195	0.5661252900232019	0.8891588217430914	0.7336668027766435	0.5148529118706496
375	0.8148258305301103	0.5591647331786543	0.8809016143770941	0.7273376888525929	0.5019325172540459
376	0.8152950275237705	0.5614849187935035	0.8781372845479286	0.7273376888525929	0.5007415622166397
377	0.8123894014750708	0.5522041763341067	0.8969849246231156	0.7300939158840343	0.5129487048890607
378	0.8197505800464039	0.5533642691415314	0.904551201011378	0.7333605553287056	0.5210321574364319
379	0.8130977338048636	0.5440835266821346	0.8961783439490446	0.7260106165781952	0.5065959236113583
380	0.8175726462961329	0.5464037122969838	0.9028753993610223	0.7294814209881584	0.5146015850486454
381	0.8178650947208419	0.5603248259860789	0.8854262144821264	0.7295835034708044	0.5072032661886281
382	0.8157140893070753	0.5522041763341067	0.9032258064516129	0.7323397305022458	0.5189559923791245
383	0.8189251679926781	0.5556844547563805	0.8925465838509317	0.7300939158840343	0.5110291754559111
384	0.8147604749556435	0.54292343387471	0.908150064683053	0.7296855859534503	0.5171922399355398
385	0.8176788961456019	0.5696055684454756	0.8894927536231884	0.7354022049816251	0.5175701030607887
386	0.8061565787431391	0.5580046403712297	0.8923933209647495	0.7311147407104941	0.5124694096494551
387	0.8158065822889822	0.5475638051044084	0.9007633587786259	0.7292772560228665	0.5133850547429264
388	0.8155418984845201	0.5626450116009281	0.8951091971701015	0.7342792976725194	0.5183156341307678
389	0.8104460871287235	0.5649651972157773	0.891941391941392	0.7341772151898734	0.5168033113201083
390	0.8180206853111108	0.574245939675174	0.8916241368958271	0.7383625969783585	0.5228793287222188
391	0.8191588674844852	0.5661252900232019	0.8883495145631068	0.7333605553287056	0.5140518203700558
392	0.8169677622652718	0.5603248259860789	0.8930662557781202	0.7324418129848917	0.5147197369083706
393	0.8062366529114717	0.5603248259860789	0.8930662557781202	0.7324418129848917	0.5147197369083706
394	0.8161696130615479	0.5672853828306265	0.8856021732568669	0.7328501429154757	0.5121169681339582
395	0.8155081962497022	0.5533642691415314	0.8932584269662921	0.7292772560228665	0.510133048158025
396	0.8185055208107537	0.5568445475638051	0.8955223880597015	0.73172723560637	0.514723762821556
397	0.8064107671866343	0.5545243619489559	0.885458474837913	0.7269293589220089	0.5032975353247273
398	0.8165198486928551	0.5556844547563805	0.8953271028037383	0.7311147407104941	0.5137359886387803
399	0.8107962391316563	0.5614849187935035	0.8869883934025656	0.7307064107799102	0.5095367573952753
400	0.8155746808072211	0.5533642691415314	0.8929797191887675	0.7291751735402205	0.5098620422734895
401	0.8060093509902939	0.5475638051044084	0.8905660377358491	0.7256022866476113	0.5035571332752845
402	0.8130361415072375	0.5533642691415314	0.8833333333333333	0.7256022866476113	0.5004209922084017
403	0.8106198668903892	0.5498839907192575	0.8780487804878049	0.722029399755002	0.4928656265273573
404	0.8174295163336252	0.525522041763341	0.8988095238095238	0.7182523478971009	0.4963960718446016
405	0.8143455945910506	0.5510440835266821	0.8945386064030132	0.7286647611269906	0.5097853126783759
406	0.8236618372953114	0.5556844547563805	0.8928238583410997	0.7301959983666803	0.5112995398277254
407	0.8193096912574227	0.5336426914153132	0.9064039408866995	0.7246835443037974	0.5091076133457323
408	0.8195186785646429	0.537122969837587	0.908436886854153	0.7270314414046549	0.5134285593283662
409	0.8174891015502694	0.5475638051044084	0.8950695322376738	0.7272356063699469	0.5079134404148784
410	0.8197968265373571	0.5452436194895591	0.9012464046021093	0.7283585136790527	0.5122453204288914
411	0.8158567174993377	0.5591647331786543	0.8981366459627329	0.7337688852592895	0.5188648118121141
412	0.8144530152377587	0.5603248259860789	0.8895027624309392	0.7311147407104941	0.511223284243297
413	0.820061426713445	0.54292343387471	0.9008662175168431	0.7271335238873009	0.5102823701663712
414	0.8208897657602688	0.5568445475638051	0.9028213166144201	0.7343813801551654	0.5217891060733314
415	0.8140106629522288	0.5522041763341067	0.8880597014925373	0.726827276439363	0.5042729304818555
416	0.8144719570645236	0.5556844547563805	0.8956061078217513	0.7312168231931401	0.514007058563178
417	0.8120576477144699	0.5510440835266821	0.8948194662480377	0.7287668436096366	0.510057251503663
418	0.8144814906991866	0.5533642691415314	0.8940955951265229	0.7295835034708044	0.510946491557955
419	0.810071222941203	0.5696055684454756	0.8838883888388839	0.7332584728460596	0.511989293014519
420	0.8077416709484393	0.5556844547563805	0.8964441671865253	0.731523070641078	0.5148206941502796
421	0.8127058512431861	0.5498839907192575	0.9045801526717557	0.73172723560637	0.518641285978411
422	0.8132312046901469	0.5893271461716937	0.883222254419009	0.7420375663536137	0.5248115457938087
423	0.8155387206062991	0.5719257540603249	0.884304932735426	0.7344834626378114	0.5139878038799903
424	0.8142960029651277	0.5533642691415314	0.9034090909090909	0.7329522253981217	0.5199370161459933
425	0.8144817415843095	0.5533642691415314	0.8910336239103362	0.7284605961616987	0.507966980988844
426	0.8138825442828969	0.5568445475638051	0.8872458410351202	0.7286647611269906	0.506630699510363
427	0.8148476575357863	0.5707656612529002	0.8864864864864865	0.7347897100857493	0.5153749156907835
428	0.8097610453011558	0.5603248259860789	0.8843454379005188	0.7291751735402205	0.5061338320462043
429	0.810448428723202	0.568445475638051	0.8874132206459402	0.7340751327072275	0.514710330040538
430	0.8062593162008902	0.548723897911833	0.8857677902621723	0.7243772968558595	0.499672197686179
431	0.8067238718197801	0.548723897911833	0.8958333333333334	0.7280522662311147	0.5094455058535418
432	0.8050174766576482	0.5382830626450116	0.9136855923859534	0.7293793385055125	0.5191509322560118
433	0.7960493370611518	0.5545243619489559	0.8770642201834863	0.7237648019599837	0.49499733292364767
434	0.7957356052151991	0.5638051044083526	0.8733153638814016	0.7265210289914251	0.49745786002582826
435	0.788225149995852	0.5510440835266821	0.8999052731291443	0.7306043282972642	0.5149645036948945
436	0.7989157414023341	0.5614849187935035	0.8765469363115002	0.726725193956717	0.4991501586010597
437	0.8049067526901577	0.5440835266821346	0.8879772798990218	0.7230502245814618	0.49868212196131145
438	0.8105982907698359	0.5510440835266821	0.8945386064030132	0.7286647611269906	0.5097853126783759
439	0.8147183262550276	0.5626450116009281	0.8885496183206106	0.731829318089016	0.5118699204903403
440	0.8024782265164836	0.5394431554524362	0.8930857874519846	0.7227439771335239	0.5004584166046991
441	0.7994622528279771	0.5382830626450116	0.8992248062015504	0.7243772968558595	0.505527822668492
442	0.8041915628336773	0.5591647331786543	0.8934198331788693	0.7320334830543079	0.5142688207086318
443	0.8089310336868473	0.5464037122969838	0.8994271164863145	0.7282564311964067	0.5113052818284671
444	0.8012901182036893	0.548723897911833	0.9015247776365947	0.7300939158840343	0.51491561185532
445	0.8042397745914251	0.5568445475638051	0.896358543417367	0.7320334830543079	0.515536535613477
446	0.8107894652333433	0.5591647331786543	0.8953560371517028	0.7327480604328297	0.5161588339109985
447	0.8068399061890349	0.5556844547563805	0.897003745318352	0.73172723560637	0.515363473393948
448	0.8011803141483154	0.5324825986078886	0.9113170086035738	0.7258064516129032	0.5128928420951678
449	0.8115207953660513	0.5545243619489559	0.9035916824196597	0.7335647202939976	0.5209180884482812
450	0.8056840784286964	0.5406032482598608	0.8990353697749196	0.7253981216823193	0.5069409058858746
451	0.8090586087717468	0.574245939675174	0.8774002954209749	0.7328501429154757	0.5086123051082427
452	0.8098492732359764	0.5626450116009281	0.8929119361767414	0.7334626378113516	0.5161626803308986
453	0.8050914877688484	0.5672853828306265	0.8907103825136612	0.7347897100857493	0.5171828421423195
454	0.7980427448036673	0.5522041763341067	0.8842105263157894	0.7253981216823193	0.5004999283080844
455	0.7898846714542238	0.5406032482598608	0.8975922953451043	0.7248877092690894	0.5055642425397747
456	0.7996702365947063	0.5696055684454756	0.8760035682426405	0.7301959983666803	0.504066283360103
457	0.7984084098700215	0.5522041763341067	0.8839368616527391	0.7252960391996733	0.5002309478735326
458	0.8077467722792679	0.5475638051044084	0.8925307280176489	0.7263168640261332	0.5054607436254002
459	0.8050587472603343	0.5835266821345708	0.8768158047646717	0.7368313597386689	0.5143102629030534
460	0.7975161369310928	0.5440835266821346	0.9048231511254019	0.7290730910575746	0.5148480513812549
461	0.7980955561219983	0.5464037122969838	0.8985691573926868	0.7279501837484688	0.5104828787943911
462	0.8050163058604088	0.5464037122969838	0.8985691573926868	0.7279501837484688	0.5104828787943911
463	0.7953364887991501	0.5556844547563805	0.9069106973808773	0.7353001224989791	0.524908737575513
464	0.797723869812699	0.5580046403712297	0.891566265060241	0.7308084932625561	0.5116604357277209
465	0.7917982140993424	0.5440835266821346	0.9065721649484536	0.7296855859534503	0.5165066296414599
466	0.7923659671320418	0.5638051044083526	0.8890243902439025	0.7325438954675377	0.513131762299127
467	0.8024157143067409	0.5533642691415314	0.8918666251168589	0.7287668436096366	0.5087787265166921
468	0.8010951804633414	0.5638051044083526	0.8887534288326729	0.7324418129848917	0.5128641827281795
469	0.8040825532478585	0.5626450116009281	0.8778280542986425	0.7277460187831768	0.5012131914652292
470	0.7865108101381674	0.548723897911833	0.8819142324425109	0.7229481420988159	0.49589621591625954
471	0.7974502377721936	0.5580046403712297	0.8769371011850501	0.7252960391996733	0.4972040243840411
472	0.7914649968421926	0.5777262180974478	0.8798586572438163	0.7354022049816251	0.5134628022532843
473	0.7969314491526105	0.5707656612529002	0.8751852949896235	0.7304001633319722	0.5040201650625926
474	0.7853631361443172	0.5614849187935035	0.8705035971223022	0.7243772968558595	0.4930713652227097
475	0.7990592058783389	0.5707656612529002	0.8827751196172249	0.7333605553287056	0.5116649921037038
476	0.780962485649371	0.5614849187935035	0.8848263254113345	0.7298897509187423	0.5073979235213595
477	0.7908631652469914	0.5672853828306265	0.8969734026291654	0.7371376071866068	0.5233476569001272
478	0.7845984382902882	0.5707656612529002	0.8775267538644471	0.7313189056757861	0.5063869828738783
479	0.7925449736670975	0.5533642691415314	0.8874418604651163	0.7271335238873009	0.5044567129990352
480	0.7911897340483893	0.5475638051044084	0.8897266729500471	0.7252960391996733	0.5027423766047973
481	0.7967796218391819	0.5754060324825986	0.8694127957931639	0.7301959983666803	0.5012556562825365
482	0.785372920664103	0.5823665893271461	0.8773667346344305	0.7365251122907309	0.5140846559233472
483	0.7948288227533403	0.5464037122969838	0.9014354066985646	0.7289710085749286	0.5132268201767378
484	0.7949784757290387	0.5626450116009281	0.8880073237717424	0.731625153123724	0.5113345480695669
485	0.7890667023258053	0.5638051044083526	0.901948654500464	0.7373417721518988	0.5257852197130012
486	0.7892512701477481	0.5591647331786543	0.8809016143770941	0.7273376888525929	0.5019325172540459
487	0.7806668175322539	0.5533642691415314	0.8838789376158123	0.7258064516129032	0.500958192635542
488	0.780028189452388	0.580046403712297	0.8638065073423553	0.7299918334013883	0.49857274634156984
489	0.7942848619931115	0.5626450116009281	0.886654478976234	0.7311147407104941	0.5099972970420611
490	0.7904939877889193	0.5406032482598608	0.8984575835475579	0.7251939567170274	0.5063900145203963
491	0.7928561966618228	0.5475638051044084	0.8872180451127819	0.7243772968558595	0.500301958051754
492	0.7953438062818958	0.5626450116009281	0.878888553307158	0.7281543487137607	0.5022741105049957
493	0.7942815586723293	0.5649651972157773	0.8801204819277109	0.7296855859534503	0.5050725597930339
494	0.7895897978066618	0.5452436194895591	0.9029779058597502	0.7289710085749286	0.5138966229489101
495	0.7891341904238154	0.54292343387471	0.8994234465086482	0.7266231114740711	0.5089060856565931
496	0.8011027906453969	0.5545243619489559	0.8879256965944272	0.7278481012658228	0.5057195635090558
497	0.7797973751394921	0.5649651972157773	0.8924862553451436	0.7343813801551654	0.5173396095107373
498	0.7782752969141798	0.5394431554524362	0.8971061093247589	0.7241731318905675	0.5043051907207478
499	0.782289542505961	0.5638051044083526	0.8895668090298963	0.7327480604328297	0.5136671239119925
500	0.7742401860430264	0.5174013921113689	0.8997982515131137	0.7147815434871376	0.4917755281791595
501	0.7840040914345813	0.54292343387471	0.9002885540237255	0.7269293589220089	0.509731630746604
502	0.7802013001870599	0.5568445475638051	0.888614625115705	0.7291751735402205	0.5079752051192215
503	0.774751698994051	0.5556844547563805	0.8919925512104283	0.7298897509187423	0.5104886572092499
504	0.7825549789657913	0.5545243619489559	0.8909599254426841	0.7289710085749286	0.5086874539765456
505	0.7867593118522147	0.5626450116009281	0.8893643031784841	0.7321355655369539	0.512673486439196
506	0.7838284509415887	0.5672853828306265	0.8818755635707844	0.731420988158432	0.5083994639083329
507	0.7857319372747051	0.580046403712297	0.8643042350907519	0.7301959983666803	0.4990889429421376
508	0.7878584395748199	0.5707656612529002	0.8707964601769912	0.7286647611269906	0.49956334122371737
509	0.773273985621272	0.5556844547563805	0.879436964504284	0.7251939567170274	0.49813301376885294
510	0.7825096942011417	0.5568445475638051	0.8883405305367057	0.7290730910575746	0.5077061663107252
511	0.7818774218777178	0.5638051044083526	0.8817659510130027	0.7297876684360963	0.5059305884602455
512	0.7897205507697825	0.5649651972157773	0.8843825665859564	0.7313189056757861	0.5093234195212539
513	0.7745543778450373	0.5649651972157773	0.870420017873101	0.7259085340955492	0.4953058936667799
514	0.784014879494858	0.5464037122969838	0.8792781580584941	0.7209064924458963	0.49174742666061094
515	0.7891301762618519	0.5812064965197216	0.8776642335766424	0.736116782360147	0.5135997651213283
516	0.7873747748724166	0.5672853828306265	0.8794964028776978	0.7305022458146182	0.5060163808895767
517	0.7843802936760893	0.5556844547563805	0.886763344646714	0.7279501837484688	0.5053676350192979
518	0.785157243086944	0.5591647331786543	0.892868169188021	0.731829318089016	0.5137294441220974
519	0.7875977699323213	0.5696055684454756	0.8841536614645858	0.7333605553287056	0.5122543915230885
520	0.7842237413595162	0.5672853828306265	0.8901699029126213	0.7345855451204574	0.5166484593732534
521	0.7896678230798256	0.5626450116009281	0.8923643054277829	0.7332584728460596	0.5156251296757212
522	0.7880330138060411	0.5730858468677494	0.8916967509025271	0.7378521845651286	0.5221513261460184
523	0.7745609008582277	0.5556844547563805	0.8815950920245399	0.7260106165781952	0.5002714516021138
524	0.7718031715893673	0.5696055684454756	0.8897614013893084	0.7355042874642711	0.517836580454063
525	0.7775537094870704	0.54292343387471	0.9093264248704663	0.7300939158840343	0.5183022670744183
526	0.7861558076895286	0.5580046403712297	0.8885467980295566	0.7296855859534503	0.5086995288698729
527	0.7762454690146837	0.5556844547563805	0.8989677822959025	0.7324418129848917	0.5172654490353056
528	0.7747485629300171	0.5556844547563805	0.891439205955335	0.7296855859534503	0.5099484191818809
529	0.7824585972644824	0.5626450116009281	0.8885496183206106	0.731829318089016	0.5118699204903403
530	0.7726980788220843	0.5672853828306265	0.8716577540106952	0.7274397713352388	0.4981102452690784
531	0.7720308498382293	0.5533642691415314	0.8907563025210085	0.7283585136790527	0.5076965399868301
532	0.7848241094581683	0.5974477958236659	0.8694428812605515	0.7400979991833402	0.5161345014702609
533	0.7807278244312603	0.5614849187935035	0.8739091182666265	0.7257043691302573	0.4965030187582889
534	0.7792845659486668	0.5661252900232019	0.8845921450151057	0.731931400571662	0.510321313852542
535	0.7796095039967672	0.5638051044083526	0.8961278426551936	0.7351980400163332	0.5201126999966067
536	0.7891158758098573	0.5580046403712297	0.88909426987061	0.7298897509187423	0.5092372548406435
537	0.7748704930996557	0.5498839907192575	0.8870867124142233	0.7253981216823193	0.5017467268604611
538	0.7782390021997608	0.5498839907192575	0.8788627935723115	0.72233564720294	0.493669900312965
539	0.7706207500060213	0.5556844547563805	0.8848522167487685	0.7272356063699469	0.5034872276462871
540	0.7732443811767917	0.5522041763341067	0.8886123210952085	0.7270314414046549	0.5048130455214829
541	0.7849178568656888	0.5603248259860789	0.8816550045634317	0.7281543487137607	0.5034649390477366
542	0.7777077947666033	0.5788863109048724	0.8723776223776224	0.7329522253981217	0.5066302969896278
543	0.7780080624443035	0.5603248259860789	0.8952734012974977	0.7332584728460596	0.5168772056895428
544	0.7824851074591156	0.5498839907192575	0.8954659949622166	0.7284605961616987	0.50988678805009
545	0.7769014081680168	0.5661252900232019	0.8835244417622209	0.731523070641078	0.509257835224353
546	0.773713285471142	0.5649651972157773	0.8878760255241568	0.7326459779501837	0.5127896957570383
547	0.7944344731546229	0.5835266821345708	0.8783469150174622	0.7374438546345448	0.5158736743125673
548	0.774167178472317	0.5777262180974478	0.8892857142857142	0.7390771743568804	0.5229478181713756
549	0.7790222655528704	0.5870069605568445	0.8699140401146132	0.7356063699469171	0.5095661989073437
550	0.7682070678687744	0.5568445475638051	0.8815426997245179	0.7265210289914251	0.5010024226093645
551	0.7881441141012158	0.5962877030162413	0.8716789146410401	0.740506329113924	0.517680466876298
552	0.7827298458963223	0.5649651972157773	0.878796992481203	0.7291751735402205	0.5037475975203966
553	0.7937936707370269	0.5904872389791184	0.8725714285714286	0.7382605144957125	0.5146696813600208
554	0.7839519909574312	0.5603248259860789	0.8824604141291108	0.7284605961616987	0.5042649055305138
555	0.7868222840180157	0.5649651972157773	0.8803856583308225	0.7297876684360963	0.5053377474036536
556	0.7843943432429611	0.5580046403712297	0.8860914952410194	0.7287668436096366	0.5062831545378965
557	0.7832917031286379	0.5475638051044084	0.8970541653468482	0.7279501837484688	0.5098251658885325
558	0.7837644961423903	0.5510440835266821	0.890625	0.7272356063699469	0.5059856754376618
559	0.7866346219462262	0.5672853828306265	0.8810810810810811	0.7311147407104941	0.5076045198394575
560	0.7874076826376791	0.5603248259860789	0.8878676470588235	0.7305022458146182	0.5096134430003049
561	0.7759824159635191	0.574245939675174	0.8743008536944362	0.731625153123724	0.5054669386315027
562	0.7800533197788465	0.5719257540603249	0.8772241992882562	0.73172723560637	0.50686524425807
563	0.7802079486428117	0.5730858468677494	0.8748524203069658	0.7313189056757861	0.5052456629149964
564	0.7708025162774267	0.5661252900232019	0.8748132656109949	0.7281543487137607	0.5005238636521876
565	0.7791288917300234	0.5870069605568445	0.8716623600344531	0.736320947325439	0.5113739114163457
566	0.7673513405293876	0.5707656612529002	0.8731144631765749	0.7295835034708044	0.5019205950038645
567	0.782666413774463	0.5580046403712297	0.8772036474164133	0.7253981216823193	0.4974699573819232
568	0.7702499417946516	0.5777262180974478	0.874195435927443	0.7331563903634136	0.507706349935281
569	0.7775673827262581	0.5661252900232019	0.8883495145631068	0.7333605553287056	0.5140518203700558
570	0.7629345079440265	0.5545243619489559	0.8857319332921556	0.7270314414046549	0.5035663736403475
571	0.7650936253100941	0.5754060324825986	0.868144690781797	0.7296855859534503	0.49995477113690673
572	0.7691637346558658	0.5533642691415314	0.8817005545286506	0.7249897917517354	0.49881103351952116
573	0.767492212525791	0.5626450116009281	0.8799516177804657	0.7285626786443447	0.5033360753384426
574	0.7710568301634834	0.5707656612529002	0.8641686182669789	0.7260106165781952	0.4927814443288822
575	0.775896111481306	0.5522041763341067	0.8712629652226968	0.7204981625153124	0.48766551610594533
576	0.7796388993703118	0.5812064965197216	0.8705473501303215	0.7332584728460596	0.5063134028027326
577	0.7733681929848505	0.5510440835266821	0.8861940298507462	0.7256022866476113	0.5016602223969304
578	0.764119187493477	0.5580046403712297	0.8863636363636364	0.7288689260922826	0.5065513672944902
579	0.7748753017311742	0.574245939675174	0.8750736593989393	0.731931400571662	0.5062524418805415
580	0.7728143640764619	0.5719257540603249	0.8782660332541568	0.7321355655369539	0.5079175137825711
581	0.7741897163191741	0.568445475638051	0.8882175226586103	0.7343813801551654	0.5155091874103146
582	0.7678930015093248	0.5672853828306265	0.8826714801444043	0.73172723560637	0.5091949932382485
583	0.7741898417617352	0.5916473317865429	0.8564231738035264	0.7320334830543079	0.4985398541995871
584	0.7735557296140785	0.580046403712297	0.8733624454148472	0.7338709677419355	0.5084208566441959
585	0.7648340846506475	0.5591647331786543	0.8844036697247707	0.7286647611269906	0.5054043061267203
586	0.760784171557254	0.5649651972157773	0.8886861313868614	0.7329522253981217	0.5135912071465035
587	0.7742721738961723	0.5649651972157773	0.8825128360012081	0.7306043282972642	0.5074616004880181
588	0.7686691146364373	0.5626450116009281	0.8893643031784841	0.7321355655369539	0.512673486439196
589	0.7782874230284443	0.5672853828306265	0.8779174147217235	0.7298897509187423	0.5044305632430555
590	0.7829208112888939	0.5661252900232019	0.8758600059826503	0.7285626786443447	0.5015787915636946
591	0.7704694662770254	0.568445475638051	0.8868778280542986	0.7338709677419355	0.5141780888357314
592	0.7836909868014355	0.5719257540603249	0.8774844259863542	0.731829318089016	0.5071282170492887
593	0.7762808856311734	0.5754060324825986	0.8778761061946903	0.7335647202939976	0.5098797497349788
594	0.7694176304000514	0.5788863109048724	0.8787789844437922	0.7355042874642711	0.5131569233765497
595	0.759532129352355	0.5498839907192575	0.8777777777777778	0.721927317272356	0.4925976715151513
596	0.7655143596608838	0.5649651972157773	0.8785327720986169	0.7290730910575746	0.5034827997931736
597	0.7697401432252988	0.5614849187935035	0.8982369316424373	0.7348917925683952	0.5205668145252781
598	0.7587760870350597	0.5533642691415314	0.8827884022208513	0.7253981216823193	0.4998840658934515
599	0.7744281826283126	0.5777262180974478	0.8863838623553841	0.7379542670477746	0.5200408830618474
600	0.7742125468653408	0.5754060324825986	0.885450758702767	0.7365251122907309	0.5175145064706189
601	0.7722554338372445	0.5533642691415314	0.8849721706864564	0.7262147815434872	0.5020334179129206
602	0.7705564397862324	0.5904872389791184	0.8622247317899492	0.7339730502245815	0.5038865077415204
603	0.7656062254299837	0.5568445475638051	0.8804646896973403	0.7261126990608412	0.49993375279022656
604	0.7808423116755916	0.574245939675174	0.886038186157518	0.736218864842793	0.5173087841601132
605	0.7637185239525045	0.5498839907192575	0.8702570379436965	0.7190690077582687	0.48512231075765755
606	0.7693799976316444	0.5823665893271461	0.8489289740698985	0.7247856267864434	0.48448530811761537
607	0.7687334666704133	0.5730858468677494	0.8661601402688486	0.7278481012658228	0.49636911344837725
608	0.7680839250877095	0.5614849187935035	0.8776065276518585	0.7271335238873009	0.500210833220883
609	0.7623345161730586	0.5510440835266821	0.8753071253071253	0.7215189873417721	0.49092413621367115
610	0.7660701956502541	0.574245939675174	0.8717346639272087	0.7306043282972642	0.5028526033933652
611	0.7802124227608336	0.5835266821345708	0.8655004301691999	0.7322376480195998	0.5026532283395722
612	0.777929409958333	0.574245939675174	0.8857739337906353	0.736116782360147	0.5170442337866284
613	0.7807043248580994	0.5823665893271461	0.8667625899280575	0.7322376480195998	0.5031856512669924
614	0.779541179615015	0.5812064965197216	0.8804920913884007	0.7372396896692528	0.516475307151415
615	0.7683517031420184	0.5754060324825986	0.8717047451669596	0.7311147407104941	0.5036010641540756
616	0.7811157346451616	0.5788863109048724	0.8746713409290097	0.7338709677419355	0.5089754856636941
617	0.7723100849798088	0.5707656612529002	0.8896925858951176	0.736014699877501	0.5185650354447697
618	0.7672482267439525	0.5696055684454756	0.8799283154121864	0.73172723560637	0.5080205795472975
619	0.766785970905354	0.5580046403712297	0.888820449645827	0.7297876684360963	0.5089683574789742
620	0.7679611168201413	0.5672853828306265	0.8832028898254064	0.731931400571662	0.5097256720867139
621	0.7684719607441721	0.5545243619489559	0.8827331486611265	0.7259085340955492	0.5006129234272807
622	0.7701750943997087	0.5696055684454756	0.8801912160143412	0.731829318089016	0.5082847096587545
623	0.7756064646071339	0.5823665893271461	0.8682617469011242	0.7328501429154757	0.5047362404733179
624	0.7853009166338843	0.5788863109048724	0.8774912075029309	0.7349938750510412	0.5118485342542729
625	0.7696763347757555	0.5603248259860789	0.8843454379005188	0.7291751735402205	0.5061338320462043
626	0.761546026046559	0.5661252900232019	0.8779610194902548	0.7293793385055125	0.5036917182921544
627	0.7762310013059408	0.5777262180974478	0.8729184925503944	0.7326459779501837	0.5064022092033083
628	0.769728937023151	0.5661252900232019	0.8851269649334945	0.7321355655369539	0.5108534484025881
629	0.7768143510304355	0.574245939675174	0.8878923766816144	0.7369334422213148	0.5191624454099177
630	0.7771170857451756	0.5661252900232019	0.8716880023816612	0.7269293589220089	0.49736517560734333
631	0.7854009779836597	0.5661252900232019	0.8784878487848785	0.7295835034708044	0.504220592565265
632	0.7815440373638196	0.5812064965197216	0.8657834101382489	0.7313189056757861	0.5013957487162425
633	0.7800172341353628	0.5881670533642691	0.8837884950610111	0.7417313189056758	0.5245902556705893
634	0.7679905958220603	0.5672853828306265	0.8639575971731449	0.7243772968558595	0.49026052897263095
635	0.7671059748793744	0.5661252900232019	0.8843249773482331	0.731829318089016	0.5100553454795294
636	0.7614888242385804	0.5475638051044084	0.8863849765258216	0.7240710494079216	0.4994897629072932
637	0.7576797190488042	0.5812064965197216	0.8677829099307159	0.7321355655369539	0.5034637442610446
638	0.7732446320619144	0.5846867749419954	0.8667239896818573	0.7332584728460596	0.5047000225736881
639	0.7687386098154289	0.5730858468677494	0.8699735837980628	0.7293793385055125	0.5002765233975691
640	0.776981022380291	0.5870069605568445	0.8679245283018868	0.7347897100857493	0.5075037360797343
641	0.7748367490506508	0.5754060324825986	0.8843982169390787	0.736116782360147	0.5164582648063573
642	0.7687111378944917	0.5846867749419954	0.8564146134239592	0.7289710085749286	0.49392416779938236
643	0.760921029391694	0.5672853828306265	0.8711401425178147	0.7272356063699469	0.4975851932176196
644	0.7623954812578777	0.5580046403712297	0.8769371011850501	0.7252960391996733	0.4972040243840411
645	0.7627358069268378	0.5870069605568445	0.8540084388185654	0.7289710085749286	0.49291419166559475
646	0.7577544828153726	0.5777262180974478	0.8608470181503889	0.7277460187831768	0.4939587431359876
647	0.7657698861583667	0.5788863109048724	0.8857988165680474	0.7382605144957125	0.5202491289503205
648	0.7652456616944581	0.574245939675174	0.8826151560178306	0.7348917925683952	0.513874636304242
649	0.7630491624451063	0.5696055684454756	0.8644366197183099	0.7256022866476113	0.49228789312825194
650	0.7613344880739249	0.5638051044083526	0.8596698113207547	0.7211106574111883	0.48356772229099004
651	0.7613431436106584	0.5696055684454756	0.8825644098262433	0.7327480604328297	0.5106647740309688
652	0.775129657431418	0.6032482598607889	0.8628318584070797	0.7398938342180482	0.5130922839737986
653	0.7715383623423439	0.5835266821345708	0.8765611385419693	0.7367292772560229	0.514049906293664
654	0.7537634859116296	0.5754060324825986	0.8519896936730604	0.7230502245814618	0.48317766139076507
655	0.7575774833612987	0.5754060324825986	0.8648648648648649	0.7283585136790527	0.4965794944421288
656	0.7625281994877929	0.580046403712297	0.860832137733142	0.7287668436096366	0.49548044803334945
657	0.7592650621392272	0.5939675174013921	0.852859522487507	0.731523070641078	0.4962857013826745
658	0.7656310212429452	0.5672853828306265	0.8719167904903418	0.7275418538178848	0.49837286529155045
659	0.7592508871297939	0.5962877030162413	0.8474855729596042	0.7301959983666803	0.49204890648485755
660	0.7623708945158519	0.5498839907192575	0.88268156424581	0.7237648019599837	0.49743133135223805
661	0.7653259867479133	0.5696055684454756	0.8634232121922626	0.7251939567170274	0.49124693700897026
662	0.7605457888764895	0.5974477958236659	0.8380797396257119	0.7265210289914251	0.4825881767293214
663	0.7705099842243435	0.5580046403712297	0.8833792470156107	0.7277460187831768	0.5036047621136087
664	0.759058458240673	0.5580046403712297	0.8774703557312253	0.7255002041649653	0.49773595638903495
665	0.7750966660377812	0.5881670533642691	0.8796992481203008	0.7400979991833402	0.5204208949489575
666	0.769846142189645	0.5672853828306265	0.8787061994609164	0.7301959983666803	0.5052231827221931
667	0.7755029744940147	0.6032482598607889	0.8501362397820164	0.7343813801551654	0.49949869804055425
668	0.7735369132298751	0.5881670533642691	0.8566600957476768	0.7306043282972642	0.4964843292734263
669	0.7615311401959446	0.5765661252900232	0.8638470451911935	0.7284605961616987	0.49629963956869133
670	0.7811021032201608	0.6067285382830626	0.8487963213416283	0.7353001224989791	0.5003514852881735
671	0.778768369808685	0.5835266821345708	0.8684892086330935	0.7334626378113516	0.5057500854450144
672	0.7765816550791192	0.5696055684454756	0.8659611992945326	0.7262147815434872	0.4938511451887364
673	0.7620192790163697	0.5672853828306265	0.8768679019725045	0.7294814209881584	0.503374634632437
674	0.7715654579355968	0.5788863109048724	0.8782634203578762	0.7353001224989791	0.5126333825763745
675	0.76106461931026	0.5707656612529002	0.8672150411280846	0.7272356063699469	0.49590642822909753
676	0.7662134510553232	0.5788863109048724	0.8811065332548558	0.7364230298080849	0.5155159253357062
677	0.7724643793302771	0.6044083526682135	0.8522355507088332	0.735810534912209	0.5025345198996867
678	0.7692185530551786	0.5835266821345708	0.8608100399315459	0.7302980808493262	0.49776690810709695
679	0.7716752201767838	0.5835266821345708	0.8763066202090593	0.7366271947733769	0.5137896100934304
680	0.7746972569224222	0.5812064965197216	0.8735832606800349	0.7344834626378114	0.5094303412534525
681	0.7707012841304121	0.5788863109048724	0.8573883161512027	0.726827276439363	0.49111881502188537
682	0.7687738591751699	0.5951276102088167	0.8495721777532431	0.7306043282972642	0.49353141760839875
683	0.7687857762184988	0.5603248259860789	0.8731545646279	0.7248877092690894	0.494968881149903
684	0.7759756420652062	0.5719257540603249	0.8651652529979527	0.7269293589220089	0.4945755316234726
685	0.7744748472611371	0.5754060324825986	0.853945480631277	0.7238668844426297	0.48522932688539844
686	0.7761934103517207	0.5603248259860789	0.8897758673626036	0.7312168231931401	0.5114918300613616
687	0.7666016957827214	0.5777262180974478	0.8747072599531616	0.7333605553287056	0.5082284332847842
688	0.7801568935203398	0.5638051044083526	0.8714883442916915	0.7258064516129032	0.4956132307217291
689	0.774795353005403	0.5649651972157773	0.8884159318941928	0.7328501429154757	0.5133239696399293
690	0.7721511492545701	0.5893271461716937	0.86615515771526	0.7350959575336872	0.5072218424355385
691	0.7725955922494561	0.5881670533642691	0.861268403171008	0.7325438954675377	0.501334427517497
692	0.7683937682142598	0.58584686774942	0.8639863130881095	0.7326459779501837	0.5026286937116022
693	0.7626951217227713	0.574245939675174	0.8658892128279884	0.7282564311964067	0.49686277653545624
694	0.7653564274761357	0.5730858468677494	0.8674275680421423	0.7283585136790527	0.4976700683686396
695	0.7650686622403841	0.5754060324825986	0.8481048731832431	0.7214169048591261	0.47908517370289644
696	0.7683079655022921	0.611368909512761	0.8234375	0.7256022866476113	0.475234223709389
697	0.7619118583696615	0.5730858468677494	0.8487972508591065	0.7207023274806044	0.4783106580761573
698	0.7653634522595718	0.548723897911833	0.8841121495327103	0.7237648019599837	0.49805224528294295
699	0.7715501539431113	0.5661252900232019	0.8606701940035273	0.7225398121682319	0.4861202525854789
700	0.7657741093912657	0.5928074245939675	0.8535634743875279	0.7313189056757861	0.4962697075153607
701	0.78128236418083	0.5870069605568445	0.852808988764045	0.7284605961616987	0.49164304374981654
702	0.775126521367384	0.574245939675174	0.8691834942932397	0.7295835034708044	0.5002443915386862
703	0.7678812099085575	0.5649651972157773	0.8790613718411552	0.7292772560228665	0.5040124600751404
704	0.7657189146642689	0.5754060324825986	0.8683980157572221	0.7297876684360963	0.5002148275592743
705	0.7665979325058808	0.5916473317865429	0.8497639544570953	0.7291751735402205	0.4914491424967413
706	0.7609742170377091	0.5719257540603249	0.8636496350364964	0.7263168640261332	0.4930163348486292
707	0.7824724795746059	0.5893271461716937	0.859075535512965	0.7321355655369539	0.49980149971123383
708	0.7854363109717752	0.5962877030162413	0.8585746102449888	0.7349938750510412	0.5039076969303664
709	0.774437047235982	0.5777262180974478	0.8795996467471299	0.7353001224989791	0.5132004954782132
710	0.774964282321363	0.5672853828306265	0.8758208955223881	0.7290730910575746	0.5023197280437821
711	0.7750587823842516	0.5626450116009281	0.8778280542986425	0.7277460187831768	0.5012131914652292
712	0.7796818007262958	0.5638051044083526	0.8777844671884407	0.7282564311964067	0.5019507338243744
713	0.7733826188794066	0.5870069605568445	0.8706624605678234	0.735912617394855	0.5103405822105997
714	0.7766974385632512	0.5649651972157773	0.8670623145400593	0.7245814618211515	0.4918949607156576
715	0.7849139263320996	0.5928074245939675	0.8670814479638009	0.7370355247039608	0.5105299792428079
716	0.7852450110657064	0.5951276102088167	0.868510158013544	0.7386688444262964	0.5135888010944079
717	0.7735486630164553	0.5788863109048724	0.8581255374032674	0.7271335238873009	0.49188940814318083
718	0.7780834534236788	0.6032482598607889	0.8569074430101621	0.7373417721518988	0.5067799637234324
719	0.7709446426994437	0.5754060324825986	0.8673856018653454	0.7293793385055125	0.4991749627852175
720	0.78420990086358	0.5870069605568445	0.8739205526770294	0.7372396896692528	0.5137023378205581
721	0.7751253087559576	0.5835266821345708	0.8752900232018561	0.736218864842793	0.5127490282580924
722	0.7762629473448994	0.605568445475638	0.855036855036855	0.7375459371171907	0.5063237748704875
723	0.7736272318740517	0.58584686774942	0.8676975945017182	0.7341772151898734	0.506488603356759
724	0.7839807591181688	0.5649651972157773	0.8835802842455398	0.7310126582278481	0.5085251015820484
725	0.7708928767357905	0.5626450116009281	0.8614564831261101	0.7213148223764801	0.4846386273988581
726	0.7752209796160854	0.6020881670533643	0.8393530997304582	0.7290730910575746	0.4869964404285969
727	0.7858145202942648	0.5962877030162413	0.8653198653198653	0.7378521845651286	0.5110289447863368
728	0.7842936128661918	0.6148491879350348	0.838165524512388	0.7339730502245815	0.4940216257401141
729	0.7841759895578267	0.5846867749419954	0.8649885583524027	0.7325438954675377	0.5028970475105243
730	0.7771823995054553	0.5904872389791184	0.8673672252201079	0.736116782360147	0.5092655191612909
731	0.7874934017212725	0.574245939675174	0.8669001751313485	0.7286647611269906	0.49790218905279643
732	0.784816582904487	0.5707656612529002	0.8733727810650888	0.7296855859534503	0.502182822684289
733	0.7848662581587841	0.5904872389791184	0.858830146231721	0.7325438954675377	0.5003142312595635
734	0.7598612906333544	0.5835266821345708	0.8576300085251491	0.7289710085749286	0.4944355049646855
735	0.7723208730400855	0.6044083526682135	0.8533988533988534	0.736320947325439	0.5037880220667481
736	0.7877489282187558	0.5904872389791184	0.8559417040358744	0.7313189056757861	0.4972608958085276
737	0.7785019298083639	0.5812064965197216	0.8869873118914134	0.7397917517354022	0.5230385422425542
738	0.7740268918745333	0.5812064965197216	0.8690372940156115	0.7326459779501837	0.5047581551241933
739	0.7552757378029689	0.5440835266821346	0.8744561839651958	0.7180481829318089	0.485447043557773
740	0.7777304580560217	0.5649651972157773	0.8711985688729875	0.7262147815434872	0.4960945369043286
741	0.7883617151309822	0.580046403712297	0.8620689655172413	0.7292772560228665	0.4967678915860557
742	0.7857382930311473	0.6136890951276102	0.8134290107637109	0.7217231523070641	0.4652560354558757
743	0.7890718454708212	0.5881670533642691	0.8649417116860961	0.7340751327072275	0.5051777550711661
744	0.779672099834884	0.5928074245939675	0.8490722791470506	0.7293793385055125	0.49147006918347896
745	0.7732279482012542	0.58584686774942	0.844246308163834	0.7242752143732135	0.4817506381372635
746	0.7786166679378179	0.5730858468677494	0.872277810476751	0.7302980808493262	0.5026275535585978
747	0.7624336157965301	0.5696055684454756	0.8588921282798834	0.7233564720293998	0.4865745274518964
748	0.781664211337599	0.5719257540603249	0.8689776733254995	0.7284605961616987	0.49848303828356505
749	0.7851687001742145	0.5893271461716937	0.8622347949080622	0.7334626378113516	0.5031220156497885
750	0.7723778239629413	0.5788863109048724	0.8744158878504673	0.7337688852592895	0.5087146661703272
751	0.7751447105387809	0.5928074245939675	0.841845140032949	0.7262147815434872	0.48367976559481307
752	0.7765686090527381	0.6519721577726219	0.7998102466793169	0.7300939158840343	0.4733219051833392
753	0.7730803023065376	0.6716937354988399	0.7852622061482821	0.7296855859534503	0.46770905755682557
754	0.7845472577252548	0.580046403712297	0.8708272859216255	0.7328501429154757	0.5058209174745115
755	0.7836049332043448	0.5939675174013921	0.8545201668984701	0.7322376480195998	0.4980561407773934
756	0.770211430928315	0.5823665893271461	0.853257790368272	0.7266231114740711	0.4890685365539202
757	0.783494041980106	0.5904872389791184	0.8602816901408451	0.7331563903634136	0.5018438739300776
758	0.7881546094621825	0.5638051044083526	0.8822995461422087	0.7299918334013883	0.506462349332455
759	0.7855447351589742	0.568445475638051	0.8812949640287769	0.73172723560637	0.5086053840229501
760	0.7869187493476987	0.6020881670533643	0.8545554335894622	0.735810534912209	0.5034862777135242
761	0.7670278241636495	0.5788863109048724	0.8474384375884517	0.7226418946508779	0.4806382838250752
762	0.7833246108939003	0.5777262180974478	0.8829787234042553	0.7366271947733769	0.5166153624344492
763	0.7773790934416622	0.5696055684454756	0.8692829743287105	0.7275418538178848	0.4972457292347683
764	0.7917647627496475	0.622969837587007	0.8384074941451991	0.7375459371171907	0.4996330815420775
765	0.7746490869788615	0.5962877030162413	0.8339643050297458	0.7241731318905675	0.4773235268302515
766	0.7926080712754597	0.5939675174013921	0.869762174405436	0.7386688444262964	0.5141104491470843
767	0.7822535404908517	0.5649651972157773	0.8701608100059559	0.7258064516129032	0.4950431384667392
768	0.7805385734203605	0.617169373549884	0.8419941967818517	0.7367292772560229	0.4997965745533002
769	0.787384768463138	0.5823665893271461	0.8647717484926787	0.731420988158432	0.5011214719097181
770	0.7814612034591372	0.5661252900232019	0.8790153107175023	0.7297876684360963	0.5047497248448118
771	0.7872436037674249	0.580046403712297	0.8700696055684455	0.7325438954675377	0.5050421052019488
772	0.776222345769207	0.5707656612529002	0.8621495327102804	0.7251939567170274	0.49070294835076483
773	0.7778519282696018	0.5846867749419954	0.8627674750356633	0.731625153123724	0.5005830839693308
774	0.7894955486288961	0.5754060324825986	0.8643624745861168	0.7281543487137607	0.4960611160813728
775	0.7898120820253857	0.5614849187935035	0.8850960073148431	0.7299918334013883	0.5076650425557462
776	0.7844003644859061	0.5696055684454756	0.8728888888888889	0.7289710085749286	0.5009130910981993
777	0.7660842034029388	0.5812064965197216	0.86878612716763	0.7325438954675377	0.5044991547470219
778	0.7763049287887667	0.5626450116009281	0.8663292646621018	0.7232543895467538	0.4896109871072724
779	0.7788659223072332	0.574245939675174	0.8611191649753551	0.7263168640261332	0.49193859932580986
780	0.776991183227761	0.5730858468677494	0.8631333721607455	0.7266231114740711	0.4932529510040712
781	0.7844701105500206	0.5626450116009281	0.8576480990274093	0.7197835851367905	0.4807287447391656
782	0.787336222191893	0.574245939675174	0.862870424171993	0.7270314414046549	0.4937502773679814
783	0.7757756866224037	0.6090487238979119	0.8309153257715642	0.7281543487137607	0.4821635627607939
784	0.7829281705858269	0.5754060324825986	0.8524778000572901	0.7232543895467538	0.4836902369890006
785	0.782938456875858	0.5777262180974478	0.8770179043146463	0.7342792976725194	0.5105808433807536
786	0.7828291127765423	0.5846867749419954	0.8549618320610687	0.7283585136790527	0.4923928830494487
787	0.789144351271285	0.568445475638051	0.8729216152019003	0.7284605961616987	0.5001682733588575
788	0.7815105232928438	0.5962877030162413	0.8396406207459842	0.726725193956717	0.483541740788171
789	0.7660912281863749	0.5417633410672854	0.8648148148148148	0.7133523887300939	0.4743432565642336
790	0.7661222124990299	0.6032482598607889	0.8264900662251655	0.7236627194773377	0.47348630932591634
791	0.783241776989218	0.5765661252900232	0.8606060606060606	0.7271335238873009	0.49294062722769116
792	0.771252353302451	0.6078886310904872	0.7995930824008138	0.7125357288689261	0.44553937675121674
793	0.7778842506362447	0.5928074245939675	0.8351947698174884	0.7232543895467538	0.4764366149781294
794	0.7662106913189733	0.5545243619489559	0.8628158844765343	0.7182523478971009	0.4806910608411543
795	0.7785750628216347	0.5823665893271461	0.8463051418937904	0.7236627194773377	0.481693175017701
796	0.7826791671015342	0.580046403712297	0.8628127696289906	0.7295835034708044	0.49754105221314116
797	0.7894974720815036	0.5707656612529002	0.8656891495601173	0.7266231114740711	0.4943428455095544
798	0.771644737634374	0.5556844547563805	0.8740875912408759	0.7231523070641078	0.4928056262417417
799	0.7786327245856716	0.5672853828306265	0.8506813569150479	0.7189669252756227	0.47652577387547307
800	0.7794345116236749	0.5707656612529002	0.8651817116060961	0.7264189465087791	0.4938221366646331
801	0.7869191256753828	0.5788863109048724	0.85250569476082	0.7247856267864434	0.4859945940310371
802	0.7700543350273097	0.6241299303944315	0.8100376411543287	0.7242752143732135	0.4678985219331264
803	0.7634321385849275	0.5626450116009281	0.8393423709258725	0.7122294814209882	0.4616355171391003
804	0.7780864222309642	0.6218097447795824	0.8359760852612426	0.735912617394855	0.4961444811961344
805	0.7859873383296269	0.6032482598607889	0.8236536430834214	0.72233564720294	0.4703022404277048
806	0.7752446882601819	0.580046403712297	0.8505812305075134	0.7244793793385055	0.4847221593254233
807	0.7878910128265855	0.5707656612529002	0.8480321746624533	0.7193752552062066	0.4760027667913788
808	0.7843626062749379	0.5788863109048724	0.8462408140192199	0.722131482237648	0.4793665615828222
809	0.7857939059000152	0.5545243619489559	0.8576555023923444	0.7162106982441813	0.4754398933598725
810	0.7829898883260142	0.5719257540603249	0.8583865351131746	0.7241731318905675	0.487576048431578
811	0.7828034806798385	0.5951276102088167	0.8339203467894879	0.7236627194773377	0.4765296104323667
812	0.7917706167358439	0.5730858468677494	0.861878453038674	0.7261126990608412	0.49195708632466006
813	0.7964138731444537	0.5835266821345708	0.8630254503860452	0.7312168231931401	0.5000788954415427
814	0.7796148562127183	0.6322505800464037	0.7989249938920108	0.7218252347897101	0.4598074354312077
815	0.7821191496934519	0.5951276102088167	0.8456043956043956	0.7288689260922826	0.4892588563780907
816	0.7938073857904019	0.5893271461716937	0.863456090651558	0.7339730502245815	0.5044016573970558
817	0.7955933533506211	0.617169373549884	0.8351648351648352	0.7335647202939976	0.4921940948982306
818	0.8021656654677702	0.5765661252900232	0.8571428571428571	0.7257043691302573	0.48933424129909653
819	0.7815574597178846	0.5986078886310905	0.8376623376623377	0.726827276439363	0.48288230140325716
820	0.7934665583511964	0.5846867749419954	0.8520710059171598	0.7271335238873009	0.4893362922700701
821	0.7978139375717531	0.5881670533642691	0.8528174936921783	0.7289710085749286	0.4924154975171653
822	0.7791025487921388	0.548723897911833	0.8737684729064039	0.7198856676194365	0.48785032397552947
823	0.8064128578959904	0.6218097447795824	0.8333765224151335	0.7346876276031034	0.4932214149177434
824	0.8016145962957314	0.6252900232018561	0.8148148148148148	0.7271335238873009	0.47421440364007617
825	0.8029430330204963	0.5788863109048724	0.855673049442698	0.7261126990608412	0.489322760892994
826	0.7986755607115237	0.5928074245939675	0.856663872590109	0.7326459779501837	0.49956480738985015
827	0.7950746901735991	0.5696055684454756	0.8690265486725663	0.7274397713352388	0.496984239095902
828	0.7966849336124514	0.5661252900232019	0.8750747160789002	0.7282564311964067	0.5007874999955344
829	0.8062813522775016	0.5904872389791184	0.8497495826377296	0.7286647611269906	0.49067217980726696
830	0.8033866397316399	0.574245939675174	0.8727593300029386	0.7310126582278481	0.5038975994609203
831	0.7915042603638973	0.611368909512761	0.8208722741433022	0.7243772968558595	0.47231985026021156
832	0.7974110996930502	0.5754060324825986	0.859122401847575	0.7260106165781952	0.4906323908860777
833	0.8060016989940509	0.5533642691415314	0.8725609756097561	0.7215189873417721	0.4897338609373759
834	0.795695087267881	0.5730858468677494	0.872277810476751	0.7302980808493262	0.5026275535585978
835	0.7914200047768527	0.5812064965197216	0.8534923339011925	0.7262147815434872	0.4885544957541302
836	0.8032261568814779	0.5765661252900232	0.8673647469458988	0.7298897509187423	0.49992819185469467
837	0.7849817280365128	0.5904872389791184	0.8323793949304987	0.7210085749285423	0.4718649473777135
838	0.7950898687235232	0.5812064965197216	0.8647871116225546	0.7309105757452021	0.5003631566172811
839	0.7863556376897696	0.58584686774942	0.8315038419319429	0.7186606778276847	0.46794831362572187
840	0.8062696443051085	0.5835266821345708	0.8499014362151507	0.7257043691302573	0.486275397772096
841	0.7960401379399855	0.5765661252900232	0.8537074148296593	0.7242752143732135	0.48573912924312534
842	0.8091327453255084	0.5545243619489559	0.8733252131546894	0.72233564720294	0.4912700010905379
843	0.8024560649973106	0.5649651972157773	0.8730206154765462	0.7269293589220089	0.4979369149833319
844	0.7987496554510981	0.5522041763341067	0.8553459119496856	0.7142711310739077	0.47157345103794523
845	0.8048630986788056	0.5661252900232019	0.845998266396995	0.7165169456921192	0.47087214266936595
846	0.8064083001495943	0.5846867749419954	0.8501546246837223	0.7263168640261332	0.48730295781543304
847	0.8075738706155317	0.5672853828306265	0.8649764150943396	0.7247856267864434	0.49130395504104973
848	0.8012196612983942	0.5464037122969838	0.8666053357865685	0.7161086157615353	0.4791756195095077
849	0.8086002416525501	0.5522041763341067	0.8739290085679314	0.7215189873417721	0.4903265919621357
850	0.8049144883147745	0.5452436194895591	0.8757763975155279	0.7190690077582687	0.4875222663873021
851	0.8022387566668541	0.5533642691415314	0.8736263736263736	0.721927317272356	0.4907977572261266
852	0.798317129499541	0.5696055684454756	0.8504618937644342	0.7198856676194365	0.47780103751111075
853	0.8027172364100547	0.5846867749419954	0.8374411520354472	0.7208044099632503	0.4736677616223115
854	0.8013142449896568	0.5649651972157773	0.8526407936971112	0.7187627603103307	0.47706159207807214
855	0.8041193079183357	0.5754060324825986	0.842820730671198	0.7191710902409146	0.47348127051277084
856	0.8097381729408017	0.5591647331786543	0.8599464763603925	0.7191710902409146	0.4808103295542806
857	0.8113991578957229	0.5394431554524362	0.8713304184884447	0.7147815434871376	0.47928768303126357
858	0.8100934262745634	0.5568445475638051	0.8695652173913043	0.721927317272356	0.4890410160189376
859	0.8039997402502697	0.5568445475638051	0.8638272345530894	0.7196815026541445	0.4832410931204849
860	0.8026783492160341	0.5568445475638051	0.8714069591527988	0.7226418946508779	0.4908929603202317
861	0.7827660987965542	0.660092807424594	0.7673634524612273	0.7148836259697836	0.43741925400156084
862	0.8101266685533228	0.5649651972157773	0.8586541287099618	0.7212127398938342	0.4832833030585003
863	0.813288950082558	0.5510440835266821	0.878003696857671	0.7225398121682319	0.4935979228589599
864	0.8124398293847361	0.5580046403712297	0.874280521054226	0.7242752143732135	0.4945483111918927
865	0.8127877652357518	0.5324825986078886	0.8821268417680974	0.7155982033483055	0.48520900673472295
866	0.8142221591106759	0.5417633410672854	0.885028427037271	0.7209064924458963	0.4942513384320433
867	0.8097416644254262	0.568445475638051	0.8770883054892601	0.7300939158840343	0.5043786780320325
868	0.8089199947414477	0.5696055684454756	0.8657067293564502	0.7261126990608412	0.4935904512597103
869	0.8042828013899705	0.5475638051044084	0.8822429906542056	0.7225398121682319	0.49543828805697004
870	0.8102956396834698	0.5359628770301624	0.896797153024911	0.722437729685586	0.5016293011710151
871	0.8056289255158869	0.5464037122969838	0.8700738916256158	0.717435688035933	0.48263802275194356
872	0.8088082254192792	0.5545243619489559	0.8789457554397794	0.7244793793385055	0.4968658955732592
873	0.8067329873125721	0.5568445475638051	0.8845208845208845	0.7276439363005308	0.5039468287810205
874	0.7953319310527541	0.5719257540603249	0.8705120659211301	0.7290730910575746	0.5000498792031761
875	0.8071688583990986	0.574245939675174	0.8714788732394366	0.7305022458146182	0.5025915076038453
876	0.8075893418647656	0.5754060324825986	0.8742655699177438	0.7321355655369539	0.5062128684469677
877	0.8101856265571602	0.5556844547563805	0.8754188242461164	0.7236627194773377	0.494134985890063
878	0.8031723420226557	0.5382830626450116	0.89088	0.7214169048591261	0.4975518704334459
879	0.8032643750485045	0.5464037122969838	0.897998093422307	0.7277460187831768	0.5099349798208446
880	0.8104115067959762	0.5707656612529002	0.8749259039715471	0.7302980808493262	0.5037574998170042
881	0.806245183005644	0.5475638051044084	0.8819682341949548	0.722437729685586	0.49516874935484434
882	0.8033195279613142	0.5382830626450116	0.8891727882465665	0.7208044099632503	0.49590950794536826
883	0.799723675125844	0.6078886310904872	0.8392952482648158	0.731523070641078	0.49071610398951104
884	0.8127160539048428	0.548723897911833	0.8824626865671642	0.7231523070641078	0.4964348062270802
885	0.8054012472670247	0.5649651972157773	0.8780048076923077	0.7288689260922826	0.5029533985769957
886	0.7954148903999978	0.6392111368909513	0.792235801581596	0.7210085749285423	0.45602718708622664
887	0.8075774666356238	0.548723897911833	0.8783658310120706	0.7216210698244181	0.49240211059273775
888	0.7972282880669668	0.5638051044083526	0.8596698113207547	0.7211106574111883	0.48356772229099004
889	0.8041024777080206	0.5638051044083526	0.8694096601073346	0.7249897917517354	0.4935088855391201
890	0.8034536260594042	0.5452436194895591	0.8779576587795765	0.7198856676194365	0.48967219992320193
891	0.7994785185467663	0.5545243619489559	0.86568065197706	0.7193752552062066	0.4835899871615814
892	0.8001458729731827	0.5406032482598608	0.8893129770992366	0.721927317272356	0.49761636103647283
893	0.79598042728078	0.5556844547563805	0.8579104477611941	0.7168231931400572	0.4764558108049856
894	0.7976915056318693	0.5603248259860789	0.8506017023774581	0.7159044507962433	0.47193964344381173
895	0.8070025633769271	0.5498839907192575	0.8702570379436965	0.7190690077582687	0.48512231075765755
896	0.8102437064630683	0.5498839907192575	0.8726603252531452	0.7199877501020825	0.4875193759251269
897	0.8111252331559073	0.5638051044083526	0.8614475627769571	0.7218252347897101	0.4853923091123009
898	0.8114391322586084	0.5556844547563805	0.8786303882604708	0.7248877092690894	0.4973322078891265
899	0.8060646293456649	0.580046403712297	0.8503401360544217	0.7243772968558595	0.4844672163053681
900	0.812859685637596	0.5556844547563805	0.8695915279878971	0.7214169048591261	0.4882980621515278
901	0.8101002419870635	0.5406032482598608	0.8864933417882055	0.7209064924458963	0.4948900511649388
902	0.809879713964199	0.5510440835266821	0.8683729433272395	0.7188648427929767	0.48400356183504484
903	0.8090417576543378	0.5301624129930395	0.8865179437439379	0.7161086157615353	0.4878793820653758
904	0.8056090219628183	0.5359628770301624	0.8755527479469362	0.7147815434871376	0.4811347877740593
905	0.8067399075605404	0.5475638051044084	0.8770517187983896	0.7206002449979584	0.4903288859712875
906	0.8073921043441261	0.5382830626450116	0.8857779191854915	0.7195794201714986	0.4926327205896573
907	0.8071985882861402	0.5382830626450116	0.8866242038216561	0.7198856676194365	0.49345092999048257
908	0.8089142243836254	0.5765661252900232	0.8635968722849696	0.7283585136790527	0.49604090155983416
909	0.8027169018965576	0.5788863109048724	0.8438556933483653	0.7211106574111883	0.4768272123208061
910	0.8078945854307329	0.5614849187935035	0.872072072072072	0.7249897917517354	0.4946538600872476
911	0.7978432911311105	0.531322505800464	0.8948225333767502	0.7195794201714986	0.4965868117455815
912	0.8074239667547106	0.5835266821345708	0.8637664567830566	0.731523070641078	0.500850589786959
913	0.8104904101670695	0.5382830626450116	0.8810126582278481	0.717844017966517	0.48800852006429796
914	0.8118145818447483	0.5452436194895591	0.8831819605386784	0.7218252347897101	0.49479609461206037
915	0.8080205506694284	0.5556844547563805	0.8732907930720146	0.7228460596161699	0.49200880059304203
916	0.8108084279672017	0.54292343387471	0.8959795788130185	0.7253981216823193	0.5056106371029488
917	0.8075388721409131	0.5301624129930395	0.8934506353861192	0.7185585953450387	0.49449510173739597
918	0.8000166462278919	0.548723897911833	0.8857677902621723	0.7243772968558595	0.499672197686179
919	0.8038751548797491	0.5962877030162413	0.8389553862894451	0.7264189465087791	0.48279391638305397
920	0.8062287082159191	0.5510440835266821	0.8859185576624184	0.7255002041649653	0.5013904773980415
921	0.7969329962775339	0.5823665893271461	0.8598344276334571	0.7293793385055125	0.4959772154590695
922	0.8072994022912836	0.5580046403712297	0.8858195211786372	0.7286647611269906	0.5060150098859694
923	0.8072393362114874	0.5765661252900232	0.8469184890656064	0.7214169048591261	0.47858213733721355
924	0.8091225844780385	0.574245939675174	0.8658892128279884	0.7282564311964067	0.49686277653545624
925	0.7965340471182331	0.5301624129930395	0.887091556130702	0.7163127807268272	0.48842902654112735
926	0.8120560796824531	0.5522041763341067	0.886681154920832	0.7263168640261332	0.502923865595402
927	0.8171335973313851	0.537122969837587	0.9004862236628849	0.7242752143732135	0.5059284039175971
928	0.8058298217778991	0.5440835266821346	0.8791002811621368	0.7197835851367905	0.4900197502345651
929	0.8086585724435809	0.5893271461716937	0.8573839662447258	0.731420988158432	0.4980174194994875
930	0.8103576919371542	0.5696055684454756	0.8739246514387422	0.7293793385055125	0.5019631506442652
931	0.8117756110223535	0.5580046403712297	0.891566265060241	0.7308084932625561	0.5116604357277209
932	0.8105509989242046	0.5730858468677494	0.8740784429371866	0.7310126582278481	0.5044595798834416
933	0.8126376523039951	0.5603248259860789	0.8905961893054702	0.731523070641078	0.5122978784265225
934	0.8050651448309637	0.5417633410672854	0.8954937679769894	0.7246835443037974	0.5043509936149135
935	0.8119374737406906	0.5626450116009281	0.881551045137837	0.7291751735402205	0.5049309921114224
936	0.8060611169539469	0.5846867749419954	0.8709677419354839	0.7349938750510412	0.5090905484601879
937	0.8109112281462332	0.5522041763341067	0.8825710754017305	0.7247856267864434	0.4988870785684927
938	0.8111010645557527	0.5556844547563805	0.8892326732673267	0.7288689260922826	0.507790258658421
939	0.8112130011346699	0.5556844547563805	0.887584928968499	0.7282564311964067	0.506174554645153
940	0.809935326833067	0.5707656612529002	0.8785714285714286	0.73172723560637	0.5074405445483877
941	0.8142289330089891	0.5417633410672854	0.8972142170989433	0.7252960391996733	0.5059982696486945
942	0.8125971761708641	0.5324825986078886	0.8961926456231696	0.7206002449979584	0.4986778934254041
943	0.7978967714764353	0.6136890951276102	0.8343848580441641	0.73172723560637	0.48905074752258304
944	0.8191534316401599	0.5417633410672854	0.9000963700610344	0.7263168640261332	0.5087497179974915
945	0.7784757123130404	0.6473317865429234	0.7650822669104205	0.7088607594936709	0.42677850940771
946	0.81297224942932	0.5626450116009281	0.8772987639433223	0.7275418538178848	0.5006831228854224
947	0.8119510633515042	0.5382830626450116	0.8931665062560153	0.722233564720294	0.49974583734113404
948	0.8145721020426733	0.5870069605568445	0.8310977278948809	0.7189669252756227	0.4682415927215671
949	0.8136630616147101	0.5556844547563805	0.8815950920245399	0.7260106165781952	0.5002714516021138
950	0.8183350861840574	0.54292343387471	0.8886075949367088	0.7227439771335239	0.49850696844874853
951	0.8118840352095527	0.5417633410672854	0.9024154589371981	0.7271335238873009	0.5109563077133431
952	0.8110901510529147	0.5603248259860789	0.8710550045085663	0.7240710494079216	0.49285527268048596
953	0.8037226794464203	0.5522041763341067	0.8558585555888523	0.7144752960391997	0.4720973148074492
954	0.8013249076073722	0.5464037122969838	0.8900787401574803	0.7248877092690894	0.5022951260310392
955	0.8067766413239241	0.5556844547563805	0.8628039627739418	0.7187627603103307	0.4814402341452886
956	0.8098350982265432	0.5788863109048724	0.8549400342661336	0.7258064516129032	0.4885538755639308
957	0.8117603488440551	0.5498839907192575	0.8846034214618974	0.7244793793385055	0.49931712131653844
958	0.8129203998372927	0.5580046403712297	0.867708959711365	0.7217231523070641	0.48793747344961935
959	0.807432434127602	0.5440835266821346	0.8882575757575758	0.7231523070641078	0.4989539955610902
960	0.80769609348448	0.5359628770301624	0.8887463930747034	0.7195794201714986	0.49392953347148477
961	0.8050653539018993	0.5324825986078886	0.8950276243093923	0.7201919150673745	0.4975715866732361
962	0.805591376375854	0.5394431554524362	0.8882521489971347	0.7210085749285423	0.4958068982897982
963	0.8080142994484542	0.54292343387471	0.8951227287217086	0.7250918742343814	0.504788448257937
964	0.8013718649395065	0.5301624129930395	0.8868046571798189	0.7162106982441813	0.4881541667317376
965	0.8072063239107571	0.580046403712297	0.847936687394008	0.7233564720293998	0.4819208219357206
966	0.8094488605801267	0.54292343387471	0.8764044943820225	0.7182523478971009	0.48659613459637147
967	0.8059131156386397	0.5522041763341067	0.87206106870229	0.7208044099632503	0.48846314372563976
968	0.7972766252672763	0.531322505800464	0.8790786948176583	0.7139648836259698	0.48148528344156627
969	0.8071759668109089	0.537122969837587	0.8864071474154436	0.7192731727235606	0.4924589929327848
970	0.8109742839404085	0.54292343387471	0.875857766687461	0.7180481829318089	0.48605796611267865
971	0.802831681840199	0.5533642691415314	0.8771069567882317	0.7232543895467538	0.49426275878349674
972	0.8007091518878603	0.580046403712297	0.8368200836820083	0.7185585953450387	0.47002537038555703
973	0.8140908625631227	0.5707656612529002	0.8718251624335499	0.7290730910575746	0.5006103895506425
974	0.8066113916564306	0.5359628770301624	0.8861892583120204	0.7186606778276847	0.4914670258482674
975	0.8144264214147512	0.5754060324825986	0.8581314878892734	0.7256022866476113	0.48960127293558553
976	0.8163154609462183	0.5568445475638051	0.8861538461538462	0.7282564311964067	0.5055563310774757
977	0.8190069983568697	0.5614849187935035	0.8850960073148431	0.7299918334013883	0.5076650425557462
978	0.8161645535449066	0.5545243619489559	0.8843663274745606	0.7265210289914251	0.5022228690472006
979	0.8173627808909835	0.5220417633410673	0.9093971034018188	0.7201919150673745	0.5038620153460794
980	0.8176244540739729	0.5556844547563805	0.8829493087557604	0.7265210289914251	0.5016101693523088
981	0.8191930714895486	0.5336426914153132	0.901077375122429	0.7228460596161699	0.5040956291743149
982	0.8191244544084864	0.5324825986078886	0.9050279329608939	0.7236627194773377	0.5070147547132402
983	0.8172674445443524	0.5197215777262181	0.9059656218402427	0.717946100449163	0.49908774090164226
984	0.816802909832556	0.531322505800464	0.8974526453298498	0.7204981625153124	0.499079787591586
985	0.8156289556221015	0.5406032482598608	0.8876190476190476	0.7213148223764801	0.4959797025749679
986	0.8177192886503586	0.5232018561484919	0.9111111111111111	0.7213148223764801	0.5062485150176
987	0.814441474522114	0.531322505800464	0.9063324538258575	0.7235606369946918	0.5074353855223107
988	0.8120770913114803	0.5243619489559165	0.901595744680851	0.7186606778276847	0.49821259299294207
989	0.8137301315708488	0.5348027842227379	0.9015645371577575	0.7235606369946918	0.5053533061365235
990	0.8053120157917132	0.5278422273781903	0.9003957783641161	0.7198856676194365	0.49947348562902294
991	0.7989448440765688	0.5359628770301624	0.896797153024911	0.722437729685586	0.5016293011710151
992	0.8037714975098814	0.5174013921113689	0.9098945936756205	0.7181502654144549	0.501107994109904
993	0.8114968358368322	0.54292343387471	0.8945524052245938	0.7248877092690894	0.5042406921872966
994	0.808846861728177	0.5406032482598608	0.858195211786372	0.7102899142507145	0.4669529522060125
995	0.8169656297417289	0.537122969837587	0.885559451705451	0.7189669252756227	0.4916401334563148
996	0.8191449433601746	0.5290023201856149	0.8985221674876848	0.7197835851367905	0.49850423776233344
997	0.8154642077248532	0.5220417633410673	0.8946322067594433	0.7151898734177216	0.49010019810970845
998	0.8149124277116332	0.5406032482598608	0.8975922953451043	0.7248877092690894	0.5055642425397747
999	0.8128844814505576	0.5359628770301624	0.8953488372093024	0.721927317272356	0.5002500099624158
1000	0.8091502236557242	0.5220417633410673	0.9084791386271871	0.7198856676194365	0.5030138066008859
